S,I,X,R,D,N
1093.8,0.00138827,0.00721964,18.6721,0.522819,1113
1797.7,0.00228397,0.011877,30.436,0.852209,1829
1476.01,0.00187256,0.00973849,25.2661,0.70745,1502
1704.11,0.00216269,0.0112471,29.0667,0.813867,1734
1790.45,0.00227153,0.0118122,30.6755,0.858915,1822
2960.37,0.00375201,0.0195127,51.1696,1.43275,3013
2654.88,0.00337382,0.017545,44.8401,1.25552,2701
1919.38,0.00243685,0.012672,32.6881,0.915267,1953
2647.52,0.00336027,0.0174745,45.1966,1.26551,2694
2103.45,0.00267315,0.0139001,35.5407,0.995139,2140
1668.6,0.00211676,0.0110084,28.5901,0.800524,1698
2181.6,0.00276791,0.0143944,37.3414,1.04556,2220
1919.18,0.00243457,0.0126617,32.8802,0.920646,1953
2751.58,0.00349103,0.018155,47.0824,1.31831,2800
2519.76,0.00319735,0.0166283,43.0172,1.20448,2564
2726.74,0.00345772,0.0179812,46.9245,1.31389,2775
1715.01,0.00217776,0.0113249,29.158,0.816425,1745
1535.23,0.0019499,0.0101404,26.0336,0.72894,1562
2308.5,0.0029299,0.0152373,39.3812,1.10267,2349
2595.33,0.00329258,0.017124,44.4101,1.24348,2641
1518.3,0.00192646,0.0100181,25.9601,0.726883,1545
1775.74,0.00225305,0.0117169,30.3921,0.85098,1807
2104.93,0.00267021,0.0138873,36.0483,1.00935,2142
2396.43,0.00303782,0.0157986,41.3883,1.15887,2439
2641.45,0.00335942,0.0174698,44.2908,1.24014,2687
1546.4,0.00195891,0.0101877,26.8393,0.751501,1574
1999.25,0.00253217,0.0131689,34.7575,0.973209,2035
2305.68,0.00291844,0.0151792,40.1779,1.12498,2347
1990.62,0.00252262,0.0131195,34.4035,0.963298,2026
2154.69,0.00273014,0.0141991,37.2469,1.04291,2193
1412.71,0.00178826,0.00930114,24.5904,0.688532,1438
1581.66,0.00200221,0.0104135,27.557,0.771596,1610
1463.86,0.00185421,0.00964304,25.4208,0.711782,1490
1877.53,0.00237847,0.0123709,32.5424,0.911188,1911
2819.42,0.00356853,0.01856,49.1831,1.37713,2870
1628.84,0.00206228,0.0107267,28.3498,0.793794,1658
1272.25,0.00161092,0.00837857,22.1236,0.61946,1295
1307.61,0.00165588,0.00861206,22.7454,0.636871,1331
1271.26,0.00160972,0.00837137,22.1154,0.619231,1294
1301.7,0.00164799,0.00857133,22.6587,0.634445,1325
1589.56,0.00201245,0.0104674,27.6579,0.774421,1618
1660.37,0.00210275,0.0109366,28.8094,0.806664,1690
1608.26,0.00203636,0.0105917,27.9474,0.782526,1637
1383.32,0.00175204,0.00911281,23.9986,0.67196,1408
1519.88,0.00192498,0.0100122,26.3687,0.738322,1547
1414.67,0.00179079,0.00931437,24.6332,0.689731,1440
1312.5,0.00166122,0.00864045,22.8515,0.639842,1336
1367.53,0.00173134,0.00900444,23.79,0.666121,1392
1446.1,0.00183064,0.00952186,25.1823,0.705103,1472
1552.19,0.00196468,0.0102198,27.0412,0.757152,1580
1483.54,0.00187943,0.00977441,25.7232,0.72025,1510
1577.9,0.00199924,0.0103976,27.3273,0.765164,1606
1970.09,0.0024979,0.0129903,33.9399,0.950316,2005
1458.12,0.0018481,0.00961115,25.1649,0.704617,1484
1506.08,0.00190749,0.00992027,26.1771,0.732959,1533
1574.85,0.0019946,0.0103731,27.3722,0.766422,1603
1761.45,0.00222965,0.0115965,30.6809,0.859064,1793
1732,0.00219244,0.011403,30.1455,0.844074,1763
1658.43,0.0021003,0.0109246,28.7495,0.804985,1688
2545.48,0.00322328,0.0167642,44.2563,1.23918,2591
1584.61,0.00200578,0.0104331,27.6052,0.772946,1613
1752.6,0.00221813,0.0115376,30.5282,0.85479,1784
1366.53,0.00172983,0.00899743,23.7959,0.666285,1391
1856.24,0.00235435,0.012244,31.8559,0.891965,1889
1497.56,0.00189932,0.00987717,25.7126,0.719954,1524
2345.51,0.00297379,0.0154665,40.3402,1.12953,2387
2291.39,0.00290499,0.0151082,39.4821,1.1055,2332
1529.63,0.00193644,0.0100719,26.6143,0.7452,1557
1456.91,0.00184414,0.00959241,25.3645,0.710205,1483
1512.89,0.00191509,0.00996061,26.3554,0.737952,1540
1458.86,0.00184626,0.00960352,25.417,0.711676,1485
2515.73,0.00320922,0.0166861,41.0958,1.15068,2558
2680.19,0.00342125,0.0177872,43.5654,1.21983,2725
2770.52,0.00353458,0.0183775,45.1919,1.26537,2817
2399.96,0.00306398,0.01593,38.9299,1.09004,2440
2728.03,0.00347905,0.0180891,44.6981,1.25155,2774
1443.75,0.0018416,0.00957515,23.5796,0.66023,1468
1286.37,0.00164059,0.00853041,21.0336,0.588942,1308
3418.42,0.00436846,0.0227112,55.0109,1.5403,3475
2522.69,0.0032185,0.0167345,41.1368,1.15183,2565
1471.09,0.00187487,0.00974871,24.2169,0.678074,1496
1826.99,0.00232775,0.0121036,30.1495,0.844187,1858
2534.09,0.00322966,0.0167924,41.7224,1.16823,2577
1765.63,0.00225491,0.0117231,28.5561,0.79957,1795
2738.98,0.00349397,0.0181667,44.7457,1.25288,2785
2433.67,0.00310968,0.0161677,39.2117,1.09793,2474
2984.17,0.00380037,0.0197606,49.4221,1.38382,3035
2854.58,0.0036377,0.0189151,47.0751,1.3181,2903
2773.2,0.0035355,0.0183833,45.507,1.2742,2820
2685.16,0.00342814,0.0178228,43.5933,1.22061,2730
2303.24,0.00293735,0.0152739,37.684,1.05515,2342
2674.51,0.00340659,0.0177143,44.2342,1.23856,2720
1286.18,0.00163885,0.00852147,21.2152,0.594024,1308
1673.65,0.0021329,0.0110902,27.5671,0.771879,1702
2875.84,0.00366075,0.0190357,47.8005,1.33841,2925
1711.22,0.00218267,0.0113484,27.9832,0.78353,1740
2063.07,0.00261976,0.0136243,34.938,0.978263,2099
1428.24,0.00181517,0.00943916,24.0793,0.674219,1453
2393.48,0.0030417,0.0158173,40.3694,1.13034,2435
3442.93,0.00437159,0.0227352,58.4061,1.63537,3503
1892.91,0.00240324,0.0124982,32.1699,0.900758,1926
1709.11,0.00216975,0.0112843,29.061,0.813709,1739
2543.67,0.00322987,0.0167979,43.0999,1.2068,2588
1568.57,0.00199141,0.0103565,26.6678,0.746697,1596
1736.61,0.00220495,0.0114665,29.5474,0.827328,1767
2089.5,0.00265307,0.0137968,35.4933,0.993812,2126
2545.8,0.00323538,0.0168234,42.9809,1.20347,2590
2757.17,0.00350376,0.0182203,46.509,1.30225,2805
2322.45,0.00294902,0.0153358,39.4265,1.10394,2363
2565.66,0.00326233,0.0169636,43.1145,1.2072,2610
1753.39,0.00222632,0.011578,29.7596,0.833269,1784
1575.61,0.00200163,0.0104088,26.6344,0.745763,1603
1645.38,0.00209017,0.01087,27.8253,0.779109,1674
3391.88,0.0043086,0.0224047,57.4792,1.60942,3451
2929.24,0.00371527,0.0193206,50.3297,1.40923,2981
3402.1,0.00432503,0.0224895,57.2717,1.60361,3461
1852.67,0.00235232,0.0122332,31.4322,0.880103,1885
1871.15,0.0023749,0.0123499,31.9437,0.894424,1904
1434.91,0.00182202,0.00947494,24.3949,0.683057,1460
1716.02,0.00217865,0.0113302,29.15,0.816199,1746
2102.31,0.00266947,0.0138828,35.6737,0.998865,2139
1528.62,0.00194397,0.0101086,25.6511,0.718231,1555
1554.24,0.00197709,0.0102804,26.0203,0.728569,1581
2465.65,0.00312887,0.0162716,42.1485,1.18016,2509
2664.42,0.00338295,0.0175921,45.2933,1.26821,2711
1862.68,0.0023673,0.0123101,31.4295,0.880027,1895
2059.68,0.00262133,0.0136301,34.3381,0.961466,2095
1965.27,0.00250043,0.0130025,32.7951,0.918262,1999
1959.11,0.00249083,0.0129522,32.9493,0.92258,1993
1483.49,0.00188719,0.00981314,24.8002,0.694405,1509
2239.41,0.00284825,0.0148106,37.5214,1.0506,2278
1767.65,0.00224889,0.0116944,29.506,0.826169,1798
1690.02,0.0021504,0.0111821,28.1768,0.788952,1719
1858.06,0.00236416,0.0122929,31.0594,0.869662,1890
1766.58,0.00224711,0.0116854,29.5743,0.828081,1797
1648.51,0.00209607,0.0109002,27.6972,0.77552,1677
2464.7,0.00313582,0.0163063,41.1264,1.15154,2507
1503.24,0.00191284,0.0099468,25.0451,0.701264,1529
2638.86,0.00335845,0.0174641,43.8938,1.22903,2684
1698.66,0.00216018,0.0112321,28.532,0.798895,1728
2090.2,0.00266041,0.0138337,34.8091,0.974655,2126
2092.87,0.00266091,0.0138378,35.1342,0.983757,2129
2621.76,0.00333359,0.0173355,43.991,1.23175,2667
2768.51,0.00351469,0.018279,47.15,1.3202,2817
2955.09,0.00375834,0.019544,49.5053,1.38615,3006
2584.35,0.00328656,0.0170896,43.4157,1.21564,2629
2518.77,0.00319664,0.0166241,43.0085,1.20424,2563
2001,0.00254065,0.0132121,34.0319,0.952893,2036
2044.17,0.0025949,0.0134944,34.841,0.975548,2080
2722.08,0.00346187,0.0180023,45.6181,1.27731,2769
2323.98,0.00295575,0.01537,38.9083,1.08943,2364
2479.43,0.00315529,0.0164057,41.389,1.15889,2522
3413.1,0.00433215,0.0225285,58.2392,1.6307,3473
2538,0.00322606,0.0167754,42.7802,1.19785,2582
2677.87,0.00340584,0.0177104,44.8561,1.25597,2724
2662.42,0.00338896,0.0176212,44.3226,1.24103,2708
2390.35,0.00303657,0.0157907,40.4943,1.13384,2432
2693.66,0.00342698,0.0178189,45.0524,1.26147,2740
2333.68,0.00296728,0.0154297,39.2026,1.09767,2374
1694.75,0.00215515,0.0112068,28.4385,0.796278,1724
1736.94,0.00219884,0.0114376,30.1975,0.84553,1768
1496.25,0.0018941,0.00985212,26.0103,0.728288,1523
1587.59,0.0020095,0.0104526,27.6213,0.773396,1616
1714.27,0.00216938,0.0112845,29.8782,0.83659,1745
1982.44,0.00250861,0.0130488,34.5724,0.968028,2018
2184.78,0.00276446,0.01438,38.1308,1.06766,2224
1967.68,0.0024897,0.0129504,34.3458,0.961681,2003
1800.68,0.00227855,0.0118521,31.425,0.8799,1833
2065.9,0.00261419,0.0135973,36.0772,1.01016,2103
1677.9,0.0021228,0.0110428,29.2666,0.819464,1708
1536.44,0.00194393,0.0101126,26.7932,0.75021,1564
1607.15,0.00203349,0.0105774,28.053,0.785484,1636
1781.05,0.00225368,0.011723,31.0684,0.869914,1813
1973.59,0.00249719,0.0129896,34.4257,0.963919,2009
2068.89,0.00261761,0.0136163,36.0819,1.01029,2106
1891.1,0.00239323,0.0124486,32.9591,0.922855,1925
1747.68,0.00221174,0.0115042,30.4566,0.852784,1779
1888.16,0.0023893,0.0124288,32.9054,0.921351,1922
1829.21,0.00231469,0.0120405,31.8831,0.892728,1862
1888.15,0.00238938,0.0124284,32.9138,0.921587,1922
1671.05,0.00211456,0.0109996,29.1201,0.815361,1701
1369.47,0.00173311,0.00901457,23.8538,0.667906,1394
1699.51,0.00215069,0.0111867,29.6429,0.83,1730
1754.52,0.00222026,0.0115483,30.6054,0.856951,1786
2113.08,0.00267372,0.0139072,36.8746,1.03249,2151
1862.57,0.00235688,0.0122595,32.5075,0.910209,1896
2080.65,0.00263301,0.0136956,36.3121,1.01674,2118
1793.86,0.00226994,0.0118084,31.2481,0.874948,1826
2133.72,0.00269993,0.0140435,37.2178,1.0421,2172
1861.58,0.00235541,0.0122522,32.4965,0.909903,1895
1657.26,0.00209712,0.0109082,28.9192,0.809738,1687
1837.99,0.00232573,0.0120973,32.0945,0.898646,1871
1527.62,0.00193299,0.010055,26.6258,0.745523,1555
1923.49,0.00243385,0.0126598,33.5591,0.939656,1958
1461.8,0.00184975,0.00962171,25.4721,0.713218,1488
1673,0.00211686,0.0110111,29.1675,0.81669,1703
2201.51,0.00278534,0.0144882,38.396,1.07509,2241
1309.51,0.00165705,0.00861973,22.8376,0.639453,1333
1721.12,0.00217789,0.0113289,30.0235,0.840658,1752
1608.15,0.00203503,0.0105854,28.0559,0.785566,1637
1588.51,0.0020102,0.0104566,27.7003,0.775609,1617
1568.87,0.00198531,0.0103268,27.349,0.765772,1597
1577.73,0.00199654,0.0103852,27.4873,0.769643,1606
1924.47,0.0024353,0.0126674,33.5778,0.940179,1959
2015.82,0.00255095,0.0132681,35.1815,0.985082,2052
1875.36,0.00237328,0.0123443,32.7113,0.915915,1909
1960.81,0.00248095,0.0129053,34.2167,0.958068,1996
1935.26,0.00244878,0.0127377,33.7778,0.945777,1970
1459.83,0.00184726,0.00960919,25.4507,0.71262,1486
1995.19,0.00252462,0.0131321,34.8161,0.974852,2031
1566.92,0.0019829,0.0103143,27.303,0.764483,1595
1673.98,0.00211832,0.0110193,29.1861,0.81721,1704
2508.02,0.00317353,0.0165073,43.732,1.22449,2553
2379.3,0.00301047,0.0156599,41.5145,1.16241,2422
1983.42,0.00250974,0.013055,34.594,0.968631,2019
2517.8,0.00318567,0.0165711,43.9488,1.23057,2563
2757.49,0.00348876,0.018147,48.1367,1.34783,2807
2057.08,0.00260269,0.013538,35.9012,1.00523,2094
1470.65,0.00186096,0.0096805,25.6198,0.717354,1497
1721.15,0.00217787,0.0113285,29.996,0.839887,1752
1900.9,0.00240495,0.012511,33.1547,0.928332,1935
1657.33,0.00209744,0.0109101,28.8498,0.807796,1687
1900.97,0.00240595,0.0125146,33.0914,0.926558,1935
1690.75,0.00213994,0.0111311,29.4179,0.823702,1721
1393.12,0.00176394,0.00917494,24.1894,0.677303,1418
1524.74,0.00193043,0.0100409,26.5069,0.742193,1552
1557.16,0.00197128,0.0102536,27.07,0.75796,1585
1363.55,0.00172543,0.00897522,23.7703,0.665568,1388
1512.86,0.00191429,0.00995753,26.3885,0.738877,1540
1604.22,0.00202984,0.010559,27.9887,0.783683,1633
2120.06,0.00268369,0.0139591,36.8908,1.03294,2158
1806.69,0.00228712,0.0118963,31.4154,0.879633,1839
1548.33,0.00196027,0.0101959,26.9084,0.753436,1576
1959.93,0.00248077,0.0129048,34.1027,0.954874,1995
1723.14,0.00218067,0.0113433,30.0091,0.840256,1754
1520.83,0.00192573,0.0100164,26.4151,0.739623,1548
1585.7,0.00200799,0.0104441,27.5214,0.770599,1614
1675.08,0.00212084,0.0110318,29.0896,0.814509,1705
1602.36,0.00202891,0.0105526,27.8451,0.779663,1631
2111.19,0.00267194,0.0138986,36.7673,1.02948,2149
1702.5,0.00215449,0.0112068,29.6588,0.830447,1733
1737.87,0.00219935,0.0114402,30.2684,0.847515,1769
2217.18,0.00280505,0.0145913,38.7177,1.0841,2257
2708.32,0.00342653,0.0178239,47.3303,1.32525,2757
1575.74,0.00199395,0.0103717,27.4816,0.769486,1604
1655.3,0.00209469,0.0108955,28.8788,0.808607,1685
1510.89,0.00191182,0.00994532,26.3558,0.737962,1538
2187.86,0.00276968,0.0144059,38.0574,1.06561,2227
1996.31,0.00252742,0.0131461,34.7041,0.971715,2032
2220.29,0.00281093,0.0146207,38.6154,1.08123,2260
3175.08,0.0040188,0.0209026,55.3423,1.54958,3232
1525.67,0.00193097,0.0100442,26.5697,0.743951,1553
1595.42,0.00201905,0.0105024,27.793,0.778204,1624
1916.68,0.00242572,0.0126174,33.3752,0.934506,1951
1610.18,0.00203765,0.0105996,28.0227,0.784635,1639
1930.4,0.00244276,0.0127066,33.6419,0.941973,1965
1426.48,0.00180571,0.00939269,24.8108,0.694704,1452
1559.49,0.00197366,0.0102662,29.6683,0.830712,1590
1851.87,0.00234381,0.0121918,32.211,0.901908,1885
1935.27,0.00244854,0.0127365,33.7722,0.94562,1970
1451.96,0.00183727,0.00955645,25.3157,0.70884,1478
1475.54,0.00186693,0.00971167,25.7271,0.720359,1502
1762.38,0.00223006,0.0115996,30.7495,0.860987,1794
1892.04,0.0023941,0.012453,33.0207,0.92458,1926
1865.51,0.00236054,0.0122787,32.5605,0.911694,1899
2045.29,0.00258783,0.0134612,35.6906,0.999336,2082
1793.8,0.00226969,0.011806,31.3118,0.87673,1826
2095.39,0.00265113,0.0137901,36.5723,1.02402,2133
3044.35,0.00385179,0.0200357,53.1408,1.48794,3099
1846.87,0.00233683,0.012156,32.2172,0.902081,1880
1557.08,0.00197037,0.0102494,27.1498,0.760194,1585
2366.54,0.0029939,0.015574,41.2895,1.15611,2409
2663.17,0.0033693,0.0175261,46.5105,1.30229,2711
2057.1,0.00260269,0.0135387,35.8775,1.00457,2094
1667.11,0.00210956,0.0109734,29.06,0.813681,1697
2081.65,0.00263382,0.0137002,36.3134,1.01678,2119
1892.04,0.00239445,0.0124539,33.0252,0.924704,1926
1497.16,0.0018945,0.00985498,26.099,0.730773,1524
2061.02,0.00260789,0.0135654,35.9585,1.00684,2098
1793.85,0.00227012,0.011808,31.2609,0.875306,1826
1752.59,0.00221765,0.0115356,30.5423,0.855185,1784
2221.16,0.00281036,0.0146189,38.7397,1.08471,2261
2228.04,0.00281921,0.0146643,38.8565,1.08798,2268
1453.92,0.00183996,0.00957045,25.357,0.709996,1480
1640.56,0.00207591,0.0107979,28.6259,0.801527,1670
1693.6,0.00214308,0.0111472,29.5574,0.827607,1724
2813.43,0.00355928,0.0185148,49.1756,1.37692,2864
2678.85,0.0033893,0.0176295,46.8216,1.31101,2727
1640.65,0.0020768,0.0108025,28.5394,0.799103,1670
1526.69,0.00193246,0.0100519,26.5521,0.743457,1554
1588.59,0.00201092,0.0104598,27.6274,0.773568,1617
1681.91,0.00212913,0.0110745,29.2577,0.819215,1712
1841.04,0.00233001,0.0121198,32.0504,0.897412,1874
1634.74,0.0020691,0.0107625,28.4472,0.796523,1664
2273.21,0.00287599,0.0149598,39.6659,1.11065,2314
1686.75,0.00213433,0.0111024,29.4108,0.823502,1717
1766.31,0.00223503,0.0116258,30.8173,0.862886,1798
1586.59,0.00200768,0.0104439,27.6234,0.773456,1615
2368.54,0.00299729,0.015591,41.2861,1.15601,2411
1638.67,0.00207392,0.0107878,28.5213,0.798596,1668
1632.74,0.00206606,0.0107475,28.4523,0.796664,1662
2230,0.00282155,0.0146771,38.89,1.08892,2270
2104.26,0.00266252,0.01385,36.6923,1.02739,2142
2030.58,0.00256918,0.0133648,35.4093,0.99146,2067
1472.58,0.00186327,0.00969211,25.6873,0.719244,1499
2024.66,0.0025616,0.0133246,35.3316,0.989284,2061
1851.77,0.00234296,0.0121874,32.3069,0.904594,1885
1329.2,0.00168209,0.00874973,23.144,0.648032,1353
1374.38,0.00173922,0.0090471,23.9428,0.670398,1399
1312.49,0.00166101,0.0086397,22.8621,0.640138,1336
2022.85,0.00256154,0.0133232,35.1536,0.9843,2059
1334.13,0.00168908,0.00878529,23.2141,0.649994,1358
1575.79,0.00199493,0.0103765,27.4309,0.768065,1604
1633.75,0.00206823,0.0107573,28.44,0.796321,1663
1678.92,0.00212547,0.0110545,29.2503,0.819009,1709
1334.11,0.00168901,0.00878496,23.2251,0.650302,1358
2132.74,0.00269979,0.0140416,37.2002,1.0416,2171
2191.76,0.00277465,0.0144318,38.1566,1.06838,2231
2520.82,0.00319102,0.0165971,43.9325,1.23011,2566
1466.7,0.00185674,0.0096572,25.5691,0.715936,1493
2572.81,0.00325639,0.0169365,44.9152,1.25762,2619
2573.81,0.00325772,0.0169442,44.912,1.25753,2620
2445.14,0.00309493,0.0160971,42.6467,1.19411,2489
1392.07,0.00176245,0.00916665,24.244,0.678831,1417
1524.69,0.0019303,0.0100396,26.5545,0.743526,1552
1382.25,0.00174988,0.0091015,24.0648,0.673814,1407
1503.07,0.00190267,0.00989687,26.1825,0.73311,1530
2583.65,0.00327006,0.0170093,45.0649,1.26182,2630
2121.06,0.00268578,0.0139693,36.8949,1.03306,2159
2435.35,0.00308315,0.0160357,42.4393,1.1883,2479
1522.7,0.00192748,0.0100253,26.5409,0.743145,1550
1507,0.00190754,0.00992176,26.2566,0.735185,1534
1749.67,0.00221449,0.0115196,30.4654,0.85303,1781
1670.08,0.00211363,0.0109942,29.09,0.814521,1700
1453.98,0.00184029,0.0095723,25.3037,0.708504,1480
1708.39,0.00216231,0.0112468,29.7611,0.83331,1739
1752.59,0.00221793,0.0115365,30.5366,0.855024,1784
2310.54,0.00292471,0.015211,40.3157,1.12884,2352
1930.37,0.00244361,0.0127093,33.6714,0.942798,1965
1605.26,0.00203207,0.0105701,27.9468,0.78251,1634
1878.4,0.00237851,0.0123709,32.6725,0.914829,1912
1492.31,0.0018895,0.00982772,25.9483,0.726552,1519
1845.98,0.00233744,0.0121573,32.108,0.899025,1879
2053.15,0.00259803,0.0135135,35.8334,1.00334,2090
2374.37,0.00300424,0.0156269,41.4516,1.16064,2417
1915.63,0.00242446,0.0126105,33.4178,0.935699,1950
1388.13,0.00175716,0.0091393,24.1867,0.677228,1413
2546.28,0.00322268,0.0167618,44.4516,1.24465,2592
2521.75,0.00319075,0.0165981,44.0004,1.23201,2567
2467.69,0.00312249,0.0162421,43.0837,1.20634,2512
2654.33,0.00335931,0.0174727,46.3511,1.29783,2702
2515.84,0.00318328,0.0165585,43.9092,1.22946,2561
1761.44,0.00222949,0.011596,30.683,0.859123,1793
1536.49,0.00194466,0.0101149,26.7533,0.749091,1564
2088.52,0.00264266,0.0137458,36.4449,1.02046,2126
2449.04,0.00309867,0.0161184,42.7473,1.19692,2493
2186.83,0.00276772,0.0143965,38.0899,1.06652,2226
1793.89,0.00227148,0.0118139,31.2213,0.874197,1826
1909.79,0.00241784,0.0125751,33.2674,0.931486,1944
2731.02,0.00345564,0.0179751,47.6215,1.3334,2780
2376.35,0.00300723,0.0156413,41.4742,1.16128,2419
2208.37,0.0027944,0.014536,38.5303,1.07885,2248
2151.39,0.00272238,0.0141604,37.5397,1.05111,2190
2457.1,0.00312916,0.0162693,40.7439,1.14083,2499
2334.33,0.00297257,0.0154583,38.5712,1.07999,2374
1382.45,0.00175985,0.00915201,22.898,0.641144,1406
1046.19,0.001332,0.00692642,17.3176,0.484893,1064
1520.34,0.00193844,0.0100784,24.9457,0.69848,1546
1538.96,0.00196132,0.0101986,25.3216,0.709006,1565
1804.28,0.00229732,0.0119459,29.8707,0.836381,1835
2430.66,0.00309494,0.0160941,40.1931,1.12541,2472
2620.36,0.003336,0.0173477,43.4082,1.21543,2665
1353.92,0.00172356,0.00896284,22.4377,0.628256,1377
1867.28,0.00237772,0.0123648,30.8431,0.863606,1899
1956.57,0.00249081,0.012952,32.5036,0.910101,1990
2748.43,0.00350247,0.0182116,45.2795,1.26783,2795
1790.51,0.00228014,0.0118559,29.6411,0.82995,1821
1916.37,0.00244011,0.0126891,31.7249,0.888297,1949
2678.29,0.00341032,0.0177327,44.4405,1.24433,2724
2108.09,0.00268393,0.0139557,34.9139,0.977588,2144
1721.68,0.00219173,0.0113978,28.5123,0.798346,1751
2286.25,0.00291325,0.0151481,37.6775,1.05497,2325
1847.55,0.00235204,0.0122317,30.5774,0.856168,1879
1768.99,0.00225356,0.0117176,29.178,0.816985,1799
2414.1,0.0030767,0.015997,39.7699,1.11356,2455
1997.97,0.00254407,0.0132302,33.0877,0.926455,2032
1661.82,0.00211721,0.0110088,27.3996,0.767188,1690
1231.1,0.00156817,0.00815431,20.3233,0.569053,1252
2136.65,0.00272024,0.0141467,35.3433,0.989613,2173
1886.92,0.00240258,0.0124937,31.194,0.873433,1919
2824.94,0.00359645,0.0187036,46.7298,1.30843,2873
2747.28,0.003498,0.0181905,45.4288,1.27201,2794
2534.53,0.00322579,0.0167733,42.265,1.18342,2578
1995.16,0.00254269,0.0132201,32.9051,0.921344,2029
2318.38,0.00296081,0.0153934,37.551,1.05143,2357
2740.84,0.00349533,0.0181749,44.8794,1.25662,2787
2572.07,0.00327524,0.0170301,42.7183,1.19611,2616
1853.73,0.00236364,0.0122897,30.408,0.851423,1885
2011.17,0.00256534,0.0133385,32.8889,0.920889,2045
2601.9,0.00331596,0.0172411,42.8795,1.20062,2646
2150.74,0.00274238,0.0142596,35.2565,0.987182,2187
2145.05,0.00273744,0.014233,34.9536,0.978701,2181
2333.66,0.00297593,0.015474,38.2479,1.07094,2373
2271.18,0.00290041,0.0150806,36.7759,1.02973,2309
1786.93,0.00227928,0.0118511,29.233,0.818524,1817
2007.06,0.00255843,0.0133025,33.0041,0.924116,2041
2896.53,0.00368827,0.019178,48.0961,1.34669,2946
2179.29,0.00277948,0.0144512,35.6922,0.999382,2216
2445.48,0.00310727,0.0161588,41.3418,1.15757,2488
2401.45,0.00305298,0.0158766,40.4039,1.13131,2443
1584.88,0.00201718,0.010489,26.3661,0.73825,1612
1405.93,0.00178939,0.00930452,23.4002,0.655206,1430
2395.12,0.00304909,0.015856,39.7507,1.11302,2436
2934.82,0.00373566,0.0194248,48.7938,1.36623,2985
2342.78,0.00298066,0.0154995,39.102,1.09486,2383
1706.6,0.00217017,0.0112855,28.5826,0.800313,1736
1626.24,0.00207031,0.0107655,26.9876,0.755654,1654
1689.11,0.00215001,0.0111802,28.0871,0.78644,1718
2094.76,0.00266292,0.0138471,35.2371,0.986639,2131
1621.25,0.00206339,0.0107298,26.9845,0.755566,1649
1642.89,0.00209101,0.010873,27.3343,0.76536,1671
1442.06,0.00183323,0.00953287,24.2474,0.678927,1467
1654.42,0.00210324,0.0109371,27.7909,0.778146,1683
3021.9,0.00384268,0.0199833,50.6538,1.41831,3074
2360.53,0.00300443,0.0156216,39.3528,1.10188,2401
1511.87,0.00192222,0.00999566,25.4024,0.711266,1538
2409.14,0.00306128,0.01592,40.7051,1.13974,2451
2879.32,0.00366069,0.0190361,48.3023,1.35246,2929
1261.23,0.00160352,0.00833866,21.1626,0.592552,1283
1377.27,0.00175142,0.00910788,23.0742,0.646078,1401
1321.23,0.00168019,0.00873704,22.1445,0.620045,1344
1248.38,0.0015868,0.0082517,21.0209,0.588584,1270
1357.5,0.00172539,0.00897254,22.8522,0.639862,1381
1424.59,0.00181296,0.00942695,23.7386,0.66468,1449
1572.04,0.00200052,0.0104024,26.2121,0.73394,1599
2743.85,0.00349033,0.0181499,45.8461,1.28369,2791
3260.01,0.00414758,0.0215664,54.4435,1.52442,3316
2496.19,0.00317626,0.0165165,41.622,1.16541,2539
1940.43,0.0024667,0.0128267,32.6441,0.914036,1974
1353.56,0.00172041,0.00894668,22.7894,0.638103,1377
2244.09,0.00285172,0.0148303,37.8342,1.05936,2283
2816.02,0.00357773,0.0186052,47.6243,1.33348,2865
2360.2,0.00300058,0.0156023,39.6731,1.11085,2401
3915.09,0.0049756,0.0258744,66.0332,1.84893,3983
3664.71,0.00465911,0.0242288,61.5337,1.72294,3728
2120.71,0.00269936,0.0140364,35.2836,0.987942,2157
1992.98,0.00253749,0.0131948,33.075,0.926101,2027
1712.84,0.0021817,0.011344,28.3568,0.79399,1742
2539.08,0.00322739,0.0167835,42.701,1.19563,2583
1919.75,0.00243988,0.0126878,32.3336,0.905341,1953
1493.16,0.00189789,0.00986998,25.1242,0.703478,1519
2141.94,0.00272277,0.0141592,36.0315,1.00888,2179
1447.11,0.00184927,0.00961509,23.2264,0.65034,1471
1748.13,0.00223363,0.0116142,28.0678,0.785897,1777
1587.78,0.0020289,0.0105496,25.4977,0.713934,1614
1533.67,0.00195947,0.0101887,24.6282,0.689589,1559
1657.62,0.00211786,0.0110125,26.6183,0.745311,1685
3450.95,0.00441047,0.0229311,55.4655,1.55303,3508
2116.09,0.00270383,0.0140594,33.9426,0.950393,2151
2454.51,0.00313632,0.0163078,39.37,1.10236,2495
1353.65,0.00172961,0.00899338,21.73,0.608441,1376
1207.07,0.00154224,0.0080194,19.3807,0.542659,1227
2558.76,0.00326914,0.0169989,41.0703,1.14997,2601
1270.04,0.00162285,0.00843819,20.3822,0.570702,1291
1629.11,0.0020816,0.0108236,26.1482,0.732149,1656
1562.16,0.0019963,0.0103792,25.1245,0.703485,1588
1941.87,0.00248142,0.0129011,31.243,0.874804,1974
1432.37,0.00183038,0.00951773,22.9706,0.643176,1456
1273,0.00162672,0.00845837,20.4151,0.571624,1294
2240.06,0.00286242,0.0148842,35.9143,1.0056,2277
1989.23,0.00254264,0.0132202,31.8582,0.892029,2022
1276.93,0.0016318,0.00848454,20.4865,0.573623,1298
2496.81,0.00319047,0.0165895,40.0468,1.12131,2538
1185.41,0.00151471,0.00787575,19.052,0.533455,1205
1215.92,0.00155354,0.00807792,19.5226,0.546633,1236
1543.51,0.00197212,0.0102545,24.7855,0.693993,1569
2511.51,0.00320879,0.0166852,40.3358,1.1294,2553
2271.47,0.00290227,0.0150909,36.4908,1.02174,2309
819.471,0.00104709,0.00544447,13.1545,0.368327,833
1707.8,0.00218207,0.0113461,27.4164,0.76766,1736
1724.45,0.00220335,0.0114561,27.7569,0.777194,1753
2604.86,0.00332831,0.0173045,41.9428,1.1744,2648
2367.86,0.00302554,0.0157317,38.0515,1.06544,2407
3283.75,0.00419599,0.0218177,52.7485,1.47696,3338
1930.14,0.0024663,0.0128244,30.9815,0.867483,1962
1757.99,0.00224627,0.0116803,28.2071,0.7898,1787
2204.65,0.00281777,0.014651,35.3455,0.989675,2241
2891.32,0.00369491,0.0192118,46.3615,1.29812,2939
1532.68,0.00195837,0.0101827,24.6191,0.689334,1558
1461.85,0.00186785,0.00971205,23.4811,0.657469,1486
1587.77,0.0020287,0.0105486,25.5023,0.714064,1614
1723.54,0.0022022,0.0114507,27.6749,0.774897,1752
1617.36,0.00206752,0.0107498,25.9044,0.725324,1644
1733.43,0.00221531,0.0115187,27.7805,0.777853,1762
1218.88,0.00155733,0.00809782,19.5668,0.547871,1239
1232.65,0.00157494,0.00818908,19.7879,0.554061,1253
2480.06,0.00316884,0.0164772,39.8009,1.11443,2521
2462.34,0.00314595,0.0163585,39.5384,1.10707,2503
1268.06,0.00162026,0.00842469,20.3643,0.570199,1289
1434.32,0.00183268,0.00952946,23.0244,0.644684,1458
1533.69,0.00195976,0.0101899,24.6101,0.689084,1559
2023.6,0.00258571,0.013445,32.4739,0.90927,2057
1716.67,0.00219358,0.0114058,27.5484,0.771356,1745
1363.5,0.00174228,0.00905946,21.8799,0.612638,1386
1969.49,0.00251635,0.0130847,31.6092,0.885058,2002
1801.27,0.00230144,0.0119669,28.9111,0.809512,1831
2312.84,0.00295507,0.015366,37.1014,1.03884,2351
3354.64,0.00428612,0.0222872,53.8271,1.50716,3410
2049.19,0.00261844,0.0136149,32.8705,0.920375,2083
1466.28,0.00186088,0.00967786,25.0087,0.700244,1492
1656.85,0.0021022,0.010932,28.3435,0.793618,1686
2172.61,0.00275502,0.014328,37.3248,1.0451,2211
1296.04,0.00164311,0.00854537,22.3209,0.624985,1319
1549.52,0.00196444,0.0102161,26.7176,0.748094,1577
2883.08,0.00365611,0.0190145,49.515,1.38642,2934
2453.43,0.00310979,0.0161722,42.3645,1.1862,2497
1076.24,0.00136688,0.00710848,18.2423,0.510784,1095
2404.88,0.00305311,0.0158766,40.9573,1.1468,2447
1657.75,0.00210244,0.0109337,28.4427,0.796395,1687
1543.75,0.00195786,0.0101815,26.4999,0.741997,1571
1474.85,0.00186958,0.00972336,25.4268,0.711951,1501
1737.25,0.00220243,0.0114546,29.9019,0.837253,1768
1665.36,0.00211033,0.0109748,28.8186,0.80692,1695
1302.86,0.00165122,0.00858773,22.5044,0.630123,1326
1481.3,0.0018822,0.00978817,24.9856,0.699598,1507
1657.18,0.00210519,0.0109474,28.0247,0.784691,1686
1753,0.00222295,0.0115606,30.1419,0.843975,1784
2055.57,0.00260623,0.0135537,35.4195,0.991745,2092
2801.91,0.00355685,0.0184965,47.7331,1.33653,2851
3004.91,0.00381097,0.0198182,51.6178,1.4453,3058
1750.24,0.00222106,0.01155,29.9074,0.837408,1781
1747.32,0.00221761,0.0115324,29.8328,0.835319,1778
2941.74,0.0037282,0.0193902,50.8122,1.42274,2994
1573.03,0.00199356,0.0103676,27.1916,0.761364,1601
1663.46,0.00210852,0.0109653,28.7242,0.804277,1693
2217.3,0.0028158,0.0146423,37.6281,1.05359,2256
1158.54,0.00146908,0.00763996,19.8984,0.557155,1179
1496.54,0.00189742,0.00986809,25.7268,0.720349,1523
1665.34,0.00211006,0.0109743,28.8362,0.807414,1695
1656.46,0.00209854,0.0109139,28.7268,0.804349,1686
2948.99,0.003741,0.019453,50.5696,1.41595,3001
2640.99,0.00335459,0.0174451,44.733,1.25252,2687
2639.4,0.00334785,0.0174099,45.3094,1.26866,2686
1539.31,0.00195638,0.0101733,25.9465,0.726501,1566
1789.85,0.00227346,0.0118231,30.2923,0.848185,1821
2549.6,0.00325673,0.016932,41.2208,1.15418,2592
2131.07,0.00272678,0.0141771,33.9598,0.950874,2166
2607.91,0.00333358,0.0173322,41.893,1.173,2651
2474.14,0.00316311,0.0164447,39.7235,1.11226,2515
2685.04,0.00342627,0.0178149,43.716,1.22405,2730
2812.92,0.00358991,0.0186647,45.7788,1.28181,2860
2469.01,0.00315423,0.0163991,39.8532,1.11589,2510
2668.56,0.00340796,0.0177189,43.208,1.20982,2713
2215.91,0.00283756,0.0147516,35.0899,0.982517,2252
3471.37,0.00442565,0.023011,57.0036,1.5961,3530
2443.83,0.00311624,0.0162036,40.0346,1.12097,2485
2756.61,0.00351571,0.0182805,45.1087,1.26304,2803
2671.13,0.00340771,0.0177182,43.6226,1.22143,2716
2545.34,0.0032479,0.0168868,41.476,1.16133,2588
2318.1,0.00295727,0.0153756,37.8262,1.05913,2357
2080.31,0.00266562,0.0138583,32.7599,0.917278,2114
2678.73,0.00341508,0.0177563,44.0197,1.23255,2724
2843.22,0.00362671,0.0188571,46.4533,1.30069,2891
2959.19,0.00377444,0.0196246,48.4293,1.35602,3009
2152.9,0.00274674,0.014282,35.1017,0.982849,2189
2312.25,0.00295021,0.0153396,37.6806,1.05506,2351
3054.23,0.00389229,0.0202391,50.3389,1.40949,3106
2545.23,0.00326635,0.0169803,39.639,1.10989,2586
2501.75,0.00321883,0.0167334,38.1582,1.06843,2541
2500.27,0.00321174,0.0166971,38.6325,1.08171,2540
3135.42,0.00403028,0.0209512,48.2018,1.34965,3185
2329.45,0.00298667,0.0155273,36.5094,1.02226,2367
1960.71,0.00251704,0.013086,30.4246,0.851888,1992
1854.4,0.00238086,0.012377,28.7751,0.805702,1884
2768.18,0.00355766,0.0184943,42.6016,1.19285,2812
2636.09,0.0033861,0.0176028,40.7488,1.14097,2678
1680.23,0.00215747,0.0112162,26.0311,0.728871,1707
2349.39,0.00301487,0.0156733,36.5667,1.02387,2387
2585.77,0.00332007,0.01726,40.0867,1.12243,2627
2589.11,0.00332836,0.0173029,39.757,1.1132,2630
2547.18,0.0032685,0.0169918,39.6925,1.11139,2588
1530.38,0.00196276,0.0102037,23.9398,0.670314,1555
2064.03,0.00264963,0.0137746,32.0522,0.897461,2097
3139.87,0.00403101,0.0209553,48.7376,1.36465,3190
1878.02,0.0024111,0.0125338,29.147,0.816117,1908
2539.38,0.00325922,0.0169442,39.4924,1.10579,2580
3081.78,0.003956,0.0205662,47.8572,1.34,3131
2462.59,0.00316036,0.0164292,38.3188,1.07293,2502
3068.19,0.00394052,0.0204853,47.4558,1.32876,3117
2132.58,0.0027338,0.014213,33.4629,0.93696,2167
2405.75,0.00308989,0.0160633,37.1942,1.04144,2444
2549.02,0.00326953,0.0169972,39.8471,1.11572,2590
1457.05,0.00184574,0.00959967,25.2333,0.706533,1483
2536.65,0.00321239,0.0167069,44.093,1.2346,2582
1076.84,0.00136427,0.00709589,18.633,0.521723,1096
1606.39,0.00203487,0.0105838,27.8171,0.77888,1635
2824.72,0.00357839,0.0186107,48.8857,1.3688,2875
2005.7,0.0025448,0.013235,34.3276,0.961172,2041
1785.18,0.00226139,0.0117612,30.9389,0.86629,1817
1429.56,0.00181094,0.00941889,24.7391,0.692696,1455
1882.44,0.00238433,0.0124015,32.6287,0.913604,1916
1818.78,0.00230594,0.0119915,31.3332,0.87733,1851
1991.42,0.00252234,0.0131182,34.5923,0.968585,2027
1779.28,0.00225388,0.0117226,30.842,0.863575,1811
2522.97,0.00319586,0.0166213,43.7838,1.22595,2568
3595.85,0.00455392,0.0236853,62.3787,1.7466,3660
1739.01,0.00220333,0.0114591,30.1318,0.843691,1770
1565.11,0.00198282,0.0103118,27.1142,0.759198,1593
2449.93,0.00312561,0.0162523,39.9317,1.11809,2491
1844.99,0.00235341,0.0122365,30.1536,0.8443,1876
1724.22,0.00220072,0.011443,27.9826,0.783512,1753
1398.58,0.00178451,0.00927912,22.7691,0.637534,1422
1988.7,0.00253792,0.013196,32.3739,0.906468,2022
1253.98,0.00159996,0.00831912,20.4351,0.572183,1275
1192.03,0.00152105,0.00790858,19.4153,0.54363,1212
2169.88,0.00277088,0.0144065,35.1148,0.983215,2206
2408.53,0.00307241,0.0159749,39.3482,1.10175,2449
2071.52,0.00264531,0.0137541,33.5221,0.938619,2106
2110.97,0.00269674,0.0140208,34.0605,0.953694,2146
1500.01,0.00191517,0.00995801,24.2959,0.680284,1525
1315.96,0.00167903,0.00873081,21.4311,0.60007,1338
2367.38,0.00302122,0.0157089,38.5266,1.07875,2407
1428.06,0.00182211,0.00947413,23.273,0.651645,1452
1405.47,0.00179339,0.00932497,22.876,0.640529,1429
1936.65,0.00247221,0.0128535,31.4524,0.880666,1969
2417.39,0.00308388,0.0160343,39.4857,1.1056,2458
2223.85,0.00282162,0.0146736,38.0694,1.06594,2263
2815.75,0.00357586,0.0185939,47.8859,1.3408,2865
2193.99,0.00277977,0.0144585,37.9313,1.06208,2233
2018.09,0.0025568,0.0132975,34.9145,0.977606,2054
1552.45,0.00196794,0.0102347,26.7892,0.750096,1580
1760.62,0.00223046,0.0116011,30.5072,0.854201,1792
2284.43,0.0028951,0.0150573,39.4505,1.10461,2325
1852.12,0.00234715,0.012207,31.9713,0.895195,1885
3303.27,0.00418567,0.0217688,57.1067,1.59899,3362
1544.53,0.00195704,0.0101785,26.7063,0.747777,1572
1771.54,0.00224494,0.0116762,30.5899,0.856517,1803
1537.61,0.00194771,0.0101302,26.6368,0.745832,1565
2323.5,0.00294239,0.0153041,40.3492,1.12978,2365
1934.47,0.00244952,0.0127409,33.5762,0.940134,1969
3708.77,0.00469664,0.0244289,64.3938,1.80303,3775
1667.27,0.00211158,0.0109825,28.9111,0.80951,1697
3921.91,0.0049661,0.0258292,68.1555,1.90836,3992
1939.63,0.0024591,0.012789,33.4181,0.935708,1974
2676.66,0.00339443,0.0176532,46.0292,1.28882,2724
1667.21,0.00211113,0.0109805,28.9657,0.81104,1697
1637.73,0.00207407,0.0107874,28.4607,0.7969,1667
2160.4,0.00273536,0.014227,37.5348,1.05098,2199
2141.71,0.00271146,0.0141033,37.232,1.0425,2180
2895.21,0.00367519,0.0191109,49.3809,1.38266,2946
2703.12,0.00342741,0.0178241,46.551,1.30343,2751
3000.5,0.00380037,0.0197654,52.0238,1.45667,3054
1501.3,0.0019022,0.0098932,25.958,0.726823,1528
1351.94,0.00171279,0.00890776,23.3956,0.655078,1376
1395.18,0.00176766,0.00919347,24.1355,0.675794,1420
1459,0.00184833,0.00961269,25.277,0.707757,1485
1761.83,0.00223394,0.0116183,30.3113,0.848715,1793
1930.91,0.00244908,0.012737,33.1457,0.92808,1965
1450.12,0.00183634,0.00955119,25.1688,0.704728,1476
1658.39,0.00210003,0.010923,28.7948,0.806254,1688
2701.11,0.00342371,0.0178059,46.5687,1.30392,2749
1522,0.00192876,0.0100317,26.252,0.735056,1549
1390.33,0.00176208,0.00916444,23.9884,0.671676,1415
1609.4,0.00203953,0.0106069,27.8053,0.778548,1638
1282.16,0.00162399,0.00844676,22.2091,0.621855,1305
1406.91,0.0017817,0.0092668,24.3996,0.683188,1432
2559.45,0.00324276,0.0168656,44.2904,1.24013,2605
2291.64,0.00290763,0.0151208,39.2436,1.09882,2332
2342.87,0.00297393,0.0154638,39.9924,1.11979,2384
1574.96,0.00199505,0.0103763,27.2671,0.763478,1603
1657.5,0.00209948,0.0109207,28.6882,0.803269,1687
2120.55,0.00268936,0.013987,36.4118,1.01953,2158
1629.18,0.00206551,0.010742,28.0236,0.784661,1658
2773.51,0.0035223,0.0183158,47.1455,1.32007,2822
2277.26,0.00289226,0.015041,38.6434,1.08201,2317
2543.79,0.00322354,0.0167656,43.9555,1.23075,2589
1951.15,0.00247072,0.0128509,33.8892,0.948897,1986
1763.49,0.00223297,0.0116145,30.635,0.85778,1795
2458.06,0.00311211,0.0161869,42.7258,1.19632,2502
2548.66,0.0032293,0.0167947,44.0857,1.2344,2594
1238.91,0.00156905,0.00816087,21.4797,0.601432,1261
1361.72,0.00172447,0.00896982,23.6097,0.66107,1386
1075.89,0.00136337,0.00709092,18.5839,0.520349,1095
2243.04,0.00284137,0.0147786,38.8541,1.08791,2283
2701.7,0.00343855,0.0178806,45.0211,1.26059,2748
2639.66,0.00335886,0.017466,44.0822,1.2343,2685
1559.31,0.00198477,0.0103203,25.9521,0.726658,1586
1713.62,0.00218087,0.0113407,28.5628,0.799757,1743
2934.86,0.0037456,0.0194755,47.7788,1.33781,2984
1768.83,0.00225238,0.0117119,29.3374,0.821446,1799
1258.5,0.00160229,0.00833168,20.9082,0.58543,1280
2677.31,0.00340903,0.0177269,44.4281,1.24399,2723
2700.91,0.0034391,0.0178828,44.8159,1.25484,2747
2678.58,0.00341345,0.0177484,44.1635,1.23658,2724
1414.25,0.00180423,0.00938082,23.0919,0.646572,1438
1454.44,0.00185428,0.00964076,23.8828,0.66872,1479
2804.42,0.00357305,0.0185786,46.2642,1.2954,2852
1670.67,0.00212891,0.0110694,27.5476,0.771333,1699
1565.46,0.00199479,0.0103722,25.8005,0.722415,1592
2597.09,0.00331055,0.0172133,42.6943,1.19544,2641
1494.5,0.00190316,0.00989565,24.7908,0.694142,1520
1374.53,0.00175026,0.00910084,22.8173,0.638886,1398
2173.96,0.00276856,0.0143968,36.0154,1.00843,2211
2456.11,0.00312742,0.0162622,40.7332,1.14053,2498
2645.63,0.00336701,0.0175072,44.1174,1.23529,2691
1427.28,0.00181434,0.0094338,24.0378,0.673059,1452
1660.9,0.0021085,0.0109652,28.2925,0.79219,1690
1702.52,0.00216436,0.0112543,28.6621,0.802539,1732
2010.25,0.00255608,0.0132914,33.785,0.945981,2045
1751.01,0.00222857,0.0115883,29.1564,0.816379,1781
1840.02,0.00233806,0.0121575,31.0996,0.870788,1872
1775.52,0.00225926,0.0117482,29.6392,0.829896,1806
2379.49,0.00302213,0.0157157,40.3657,1.13024,2421
2212.84,0.00281444,0.0146348,37.0992,1.03878,2251
1627.91,0.00207011,0.0107646,27.308,0.764623,1656
1528.73,0.00194483,0.0101125,25.5431,0.715208,1555
2155.48,0.00274619,0.01428,35.5048,0.994133,2192
2536.1,0.00323183,0.0168055,41.7129,1.16796,2579
3085.03,0.00392536,0.020411,51.5005,1.44201,3138
1931.21,0.00246021,0.0127917,31.8812,0.892674,1964
2499.71,0.00318543,0.016563,41.1217,1.15141,2542
3424.37,0.00436708,0.0227051,56.0385,1.56908,3482
2017.9,0.00257175,0.0133722,33.1547,0.928333,2052
2302.06,0.0029338,0.0152548,37.8594,1.06006,2341
3037.63,0.00388006,0.0201745,48.9714,1.3712,3088
2621.74,0.00335078,0.017421,42.0612,1.17771,2665
1553.7,0.00197957,0.0102935,25.5733,0.716052,1580
1548.77,0.00197337,0.0102604,25.5063,0.714176,1575
2011.89,0.00256294,0.0133276,33.1619,0.928534,2046
2371.75,0.00302106,0.0157091,39.1336,1.09574,2412
1624.53,0.00207015,0.0107639,26.7091,0.747855,1652
1517.3,0.0019334,0.0100532,24.9847,0.699571,1543
2022.48,0.00257503,0.0133896,33.56,0.93968,2057
1392.29,0.00177328,0.00922036,23.0509,0.645424,1416
1933.3,0.0024634,0.0128097,31.7967,0.890308,1966
1362.93,0.00173666,0.00902971,22.4324,0.628106,1386
1395.33,0.00177754,0.0092432,23.0101,0.644282,1419
1650.99,0.0021032,0.0109364,27.2361,0.76261,1679
3058.42,0.00389876,0.0202711,50.1491,1.40418,3110
2168.61,0.00276619,0.0143828,35.3782,0.990589,2205
2115.61,0.00269955,0.014036,34.4094,0.963464,2151
1830.82,0.00233119,0.0121215,30.3146,0.848809,1862
1794.43,0.00228492,0.0118812,29.7236,0.83226,1825
1280.24,0.00163046,0.00847806,21.1565,0.592382,1302
1652.89,0.00210493,0.0109449,27.3321,0.765299,1681
2939.95,0.00374398,0.019468,48.6675,1.36269,2990
2263.32,0.00288132,0.014982,37.6126,1.05315,2302
1705.89,0.00217188,0.0112935,28.3035,0.792498,1735
2789.39,0.00356033,0.0185111,45.3184,1.26892,2836
2844.74,0.00362407,0.0188446,46.9274,1.31397,2893
1506.51,0.0019197,0.00998151,24.7887,0.694085,1532
1509.46,0.00192351,0.0100018,24.8295,0.695225,1535
1814.76,0.0023167,0.0120456,29.3986,0.823161,1845
1893.31,0.00241598,0.0125609,30.8137,0.862783,1925
3522.49,0.00448161,0.0233021,58.8381,1.64747,3583
2245.98,0.00286146,0.0148792,36.9702,1.03517,2284
2173.16,0.00276853,0.014396,35.8212,1.00299,2210
1297.99,0.00165368,0.00859836,21.3976,0.599132,1320
3309.99,0.0042185,0.0219335,54.463,1.52496,3366
1587.06,0.00202169,0.0105122,26.1897,0.733311,1614
1365.82,0.00173988,0.00904719,22.5335,0.630939,1389
1415.61,0.00179173,0.00931942,24.6866,0.691225,1441
1348.82,0.00170728,0.00887982,23.5085,0.658237,1373
1754.74,0.00222309,0.0115621,30.3904,0.850932,1786
2028.82,0.00257026,0.0133673,35.1748,0.984894,2065
1598.48,0.00202504,0.0105318,27.7311,0.776472,1627
1975.74,0.00250276,0.0130161,34.2867,0.960027,2011
1582.64,0.00200323,0.0104195,27.5745,0.772087,1611
1232.92,0.0015608,0.00811808,21.4678,0.601098,1255
1490.33,0.00188685,0.00981371,25.9366,0.726224,1517
1232.93,0.00156098,0.00811883,21.4641,0.600994,1255
1498.2,0.0018972,0.00986748,26.0599,0.729678,1525
1593.55,0.00201867,0.0104992,27.6605,0.774494,1622
1777.26,0.00225094,0.0117069,30.8575,0.86401,1809
2403.06,0.00304383,0.0158294,41.7532,1.16909,2446
1197.56,0.00151608,0.00788559,20.8495,0.583787,1219
1316.41,0.0016665,0.0086679,22.937,0.642235,1340
1253.55,0.00158702,0.00825412,21.8314,0.611278,1276
1235.87,0.00156434,0.00813718,21.5172,0.60248,1258
1687.73,0.0021361,0.0111106,29.4307,0.82406,1718
1206.38,0.00152686,0.00794217,21.0229,0.588642,1228
1667.12,0.00211008,0.0109751,29.0496,0.813389,1697
1356.7,0.00171713,0.00893197,23.6246,0.661489,1381
2366.51,0.00299455,0.0155769,41.3156,1.15684,2409
1807.82,0.00229079,0.0119138,31.2884,0.876076,1840
1801.98,0.00228365,0.0118767,31.1365,0.871822,1834
2222.11,0.00281198,0.0146266,38.7864,1.08602,2262
1631.75,0.00206508,0.0107421,28.4395,0.796306,1661
1625.86,0.00205795,0.0107037,28.3369,0.793432,1655
1638.62,0.00207399,0.0107878,28.5684,0.799915,1668
1274.19,0.0016131,0.00838965,22.1829,0.62112,1297
2226.07,0.0028172,0.0146539,38.8284,1.08719,2266
2197.59,0.00278171,0.0144679,38.3175,1.07289,2237
1839.03,0.00232756,0.0121065,32.0614,0.897718,1872
2010.93,0.00254505,0.0132386,35.0713,0.981998,2047
2265.32,0.00286714,0.0149129,39.5529,1.10748,2306
1794.95,0.00227369,0.0118249,31.1588,0.872446,1827
4493.4,0.0056873,0.0295819,78.3725,2.19443,4574
1902.91,0.00240908,0.0125298,33.1476,0.928133,1937
1490.28,0.00188621,0.00981117,25.9789,0.72741,1517
1990.29,0.00251889,0.0131016,34.727,0.972355,2026
1389.12,0.00175845,0.00914599,24.1909,0.677346,1414
1543.37,0.00195396,0.0101625,26.8703,0.75237,1571
2210.32,0.00279727,0.0145492,38.5812,1.08027,2250
2597.36,0.00328728,0.0170974,45.3479,1.26974,2644
1540.37,0.00194928,0.0101397,26.8617,0.752127,1568
1892.06,0.00239429,0.0124538,33.0036,0.9241,1926
2034.48,0.00257466,0.0133914,35.5097,0.994273,2071
1699.57,0.00215116,0.0111891,29.5891,0.828495,1730
1896.02,0.00239954,0.0124813,33.0411,0.925151,1930
1605.25,0.00203151,0.0105669,27.959,0.782852,1634
2605.29,0.00329652,0.0171473,45.4217,1.27181,2652
1224.09,0.00154948,0.00805983,21.3053,0.596547,1246
1449.07,0.00183415,0.00954043,25.2139,0.70599,1475
1717.19,0.00217305,0.011304,29.9545,0.838726,1748
1899.95,0.00240456,0.012507,33.1048,0.926934,1934
2580.71,0.00326534,0.0169857,45.0108,1.2603,2627
1693.65,0.00214318,0.0111484,29.5121,0.826339,1724
2017.83,0.00255306,0.013281,35.1734,0.984855,2054
1395.02,0.00176543,0.00918369,24.2927,0.680195,1420
1399.92,0.00177168,0.00921574,24.3828,0.682718,1425
1299.72,0.00164483,0.00855664,22.6368,0.633831,1323
1244.7,0.00157556,0.00819483,21.6783,0.606993,1267
1344.93,0.00170242,0.00885501,23.4053,0.655348,1369
1422.53,0.00180066,0.00936584,24.7666,0.693466,1448
1745.73,0.00220939,0.0114917,30.4076,0.851413,1777
1829.22,0.00231469,0.0120402,31.8705,0.892375,1862
1232.91,0.00156055,0.00811674,21.4762,0.601334,1255
2405.87,0.00304403,0.0158335,41.936,1.17421,2449
2229.04,0.0028205,0.014671,38.8536,1.0879,2269
1517.83,0.00192064,0.00999117,26.4206,0.739777,1545
2495.23,0.00315828,0.0164265,43.5295,1.21883,2540
2721.16,0.00344381,0.0179121,47.493,1.3298,2770
2433.3,0.00307975,0.0160179,42.4919,1.18977,2477
2405.83,0.00304456,0.0158361,41.9745,1.17529,2449
2952.14,0.00373653,0.0194351,51.3995,1.43919,3005
1468.69,0.00185864,0.00966815,25.5802,0.716245,1495
1500.14,0.00189839,0.00987485,26.12,0.73136,1527
2958.8,0.00374425,0.0194744,51.7247,1.44829,3012
2627.81,0.00332565,0.0172968,45.8801,1.28464,2675
1946.06,0.00246271,0.012809,33.9778,0.951378,1981
1427.4,0.00180654,0.00939643,24.89,0.69692,1453
2795.82,0.00353786,0.0184022,48.7889,1.36609,2846
2175.98,0.00275353,0.0143227,37.937,1.06224,2215
3099.36,0.00392196,0.0203986,54.101,1.51483,3155
1312.49,0.00166135,0.00864134,22.8572,0.64,1336
1344.9,0.00170234,0.00885416,23.4324,0.656107,1369
2425.49,0.00306874,0.0159637,42.3055,1.18455,2469
2467.71,0.0031592,0.0164237,39.1758,1.09692,2508
2246.35,0.00287535,0.0149497,35.639,0.997891,2283
3126.29,0.00400541,0.0208229,49.3035,1.3805,3177
3433.12,0.00439541,0.0228528,54.3272,1.52116,3489
1648.13,0.00210975,0.010969,26.126,0.731528,1675
2355.99,0.00302062,0.015704,36.9568,1.03479,2394
2869.03,0.00367117,0.0190857,45.6723,1.27883,2916
2195.52,0.00281435,0.0146312,34.5006,0.966017,2231
2277.86,0.00291587,0.0151597,36.1132,1.01117,2315
2107.71,0.00269925,0.0140333,33.3389,0.933488,2142
2013.35,0.00257956,0.0134105,31.7449,0.888856,2046
2790.39,0.00357138,0.0185676,44.3426,1.24159,2836
1464.14,0.00187455,0.0097456,23.1965,0.649503,1488
1323.43,0.00169418,0.00880863,20.9723,0.587224,1345
1507.39,0.00192945,0.0100312,23.9292,0.670019,1532
1538.86,0.00196953,0.01024,24.445,0.68446,1564
358.16,0.000458526,0.00238387,5.67807,0.158986,364
1642.22,0.0021021,0.0109294,26.0417,0.729167,1669
2353.64,0.00301374,0.0156681,37.2998,1.04439,2392
2311.87,0.00295572,0.0153673,37.0726,1.03803,2350
2335.64,0.00298774,0.0155335,37.2984,1.04436,2374
1471.99,0.00188443,0.00979715,23.3439,0.653628,1496
2292.15,0.00293004,0.0152334,36.8007,1.03042,2330
2401.32,0.00307921,0.0160079,37.6094,1.05306,2440
2715.49,0.00347418,0.0180624,43.2792,1.21182,2760
1797.59,0.00230057,0.0119603,28.5958,0.800683,1827
2075.33,0.00265905,0.0138236,32.7325,0.916509,2109
2627.46,0.00336729,0.0175058,41.3621,1.15814,2670
2151.57,0.00275098,0.0143032,34.4527,0.964676,2187
1686.41,0.00215819,0.0112205,26.8285,0.751198,1714
2762.02,0.00353674,0.0183881,43.7336,1.22454,2807
2552.05,0.00327429,0.0170214,39.8153,1.11483,2593
2232.64,0.0028588,0.0148632,35.3531,0.989887,2269
3127.82,0.00400267,0.0208104,49.7579,1.39322,3179
2186.98,0.00279639,0.0145387,35.0208,0.980582,2223
2154.82,0.00275822,0.0143396,34.2074,0.957807,2190
2492.02,0.00318702,0.0165691,39.8422,1.11558,2533
1845.81,0.00236228,0.0122817,29.3496,0.821789,1876
1334.17,0.00170744,0.0088772,21.2204,0.594172,1356
2251.23,0.0028816,0.0149819,35.7542,1.00112,2288
1880.25,0.00240636,0.0125111,29.8979,0.837141,1911
1329.26,0.00170119,0.00884408,21.1395,0.591905,1351
420.36,0.000540353,0.00280891,6.45613,0.180772,427
1099.61,0.00141171,0.00733899,16.9043,0.473319,1117
291.402,0.00037423,0.00194534,4.47091,0.125186,296
337.698,0.000433962,0.00225595,5.15509,0.144342,343
717.706,0.000922009,0.00479341,10.9812,0.307473,729
861.423,0.00110649,0.00575207,13.2009,0.369624,875
326.837,0.000419674,0.00218152,5.01937,0.140542,332
278.614,0.000357895,0.00186052,4.26438,0.119403,283
388.962,0.000500731,0.00260283,5.87005,0.164361,395
1009.31,0.00129902,0.00675259,15.257,0.427195,1025
553.327,0.000711354,0.00369768,8.43293,0.236122,562
216.446,0.000276875,0.00143934,3.45539,0.0967509,220
646.491,0.000827989,0.00430467,10.2182,0.286109,657
907.171,0.00116108,0.00603616,14.418,0.403705,922
874.605,0.00111847,0.00581485,13.9967,0.391906,889
637.559,0.000815774,0.00424096,10.1518,0.28425,648
4490.18,0.00577883,0.030041,67.8816,1.90068,4560
1383.48,0.00178038,0.00925556,20.9221,0.585818,1405
517.827,0.000664929,0.00345672,7.94648,0.222502,526
1035.06,0.00133368,0.00693291,15.4966,0.433905,1051
516.911,0.000664669,0.00345538,7.86426,0.220199,525
14323.2,0.0184328,0.0958187,216.597,6.06473,14546
1022.16,0.00131626,0.00684204,15.3966,0.431104,1038
583.916,0.000751305,0.00390577,8.8317,0.247288,593
841.929,0.0010837,0.00563346,12.7081,0.355827,855
567.248,0.000730832,0.00379897,8.50931,0.238261,576
120.13,0.000154566,0.000803577,1.81807,0.0509059,122
438.22,0.000564397,0.00293393,6.5917,0.184568,445
985.589,0.00126733,0.00658823,14.9832,0.419528,1001
528.815,0.000680976,0.00353977,7.9582,0.22283,537
1086.08,0.00139726,0.00726368,16.447,0.460517,1103
769.046,0.000989745,0.00514524,11.6225,0.325431,781
571.131,0.000735124,0.00382139,8.62259,0.241432,580
457.832,0.000588639,0.00306015,6.96877,0.195126,465
579.94,0.000745874,0.00387746,8.80853,0.246639,589
959.046,0.00123388,0.00641403,14.5393,0.4071,974
431.256,0.000554565,0.00288278,6.55668,0.183587,438
398.826,0.000513621,0.00266972,6.00306,0.168086,405
367.248,0.000472107,0.00245443,5.59231,0.156585,373
1616.06,0.00208187,0.010822,24.2515,0.679041,1641
644.031,0.000829345,0.0043111,9.69205,0.271378,654
2710.18,0.00349131,0.0181493,40.658,1.13842,2752
705.991,0.000908076,0.00472089,10.7037,0.299705,717
418.546,0.000539244,0.00280315,6.27474,0.175693,425
338.747,0.000436061,0.00226691,5.10734,0.143005,344
5550.17,0.00710639,0.0369452,86.3678,2.4183,5639
3659.47,0.00468569,0.0243605,56.9053,1.59335,3718
3639.79,0.00466059,0.0242299,56.5975,1.58473,3698
3549.23,0.00454482,0.0236279,55.1984,1.54555,3606
1857.29,0.00237819,0.0123641,28.8904,0.808932,1887
3465.56,0.00443754,0.0230703,53.8995,1.50919,3521
2491.15,0.00318985,0.0165837,38.7453,1.08487,2531
4689.97,0.00600551,0.031222,72.9453,2.04247,4765
4310.04,0.00551892,0.028692,67.0452,1.87727,4379
6015.78,0.00770292,0.0400469,93.5548,2.61953,6112
2419.3,0.00309777,0.0161052,37.6314,1.05368,2458
1537.39,0.00196855,0.0102343,23.9274,0.669966,1562
2312.99,0.00296177,0.0153979,35.9813,1.00748,2350
2424.2,0.00310399,0.0161373,37.7211,1.05619,2463
4883.87,0.00625336,0.0325105,75.968,2.1271,4962
3190.93,0.0040857,0.021241,49.6523,1.39026,3242
2101.37,0.00269061,0.013988,32.6979,0.91554,2135
2018.69,0.00258476,0.0134378,31.4113,0.879517,2051
3533.47,0.00452434,0.0235217,54.9661,1.53905,3590
1092.95,0.00140592,0.00730852,16.5793,0.46422,1110
287.562,0.000370479,0.00192576,4.31457,0.120808,292
505.135,0.000649917,0.00337837,7.64669,0.214107,513
498.31,0.000641991,0.00333709,7.47671,0.209348,506
430.243,0.000552895,0.00287454,6.57003,0.183961,437
412.577,0.000530833,0.00275954,6.24465,0.17485,419
612.415,0.000787449,0.00409352,9.31912,0.260935,622
832.94,0.00107068,0.00556595,12.6975,0.355529,846
3916.71,0.00503592,0.0261784,59.594,1.66863,3978
270.815,0.000348774,0.00181295,4.06905,0.113933,275
204.822,0.0002636,0.00137047,3.09004,0.086521,208
373.262,0.000481067,0.00250061,5.57864,0.156202,379
315.134,0.000405892,0.00210977,4.73149,0.132482,320
394.919,0.000508873,0.00264519,5.9127,0.165556,401
638.2,0.000822659,0.00427618,9.52791,0.266781,648
1756.9,0.00224962,0.0116959,27.3239,0.765068,1785
4100.44,0.00525064,0.0272977,63.7448,1.78485,4166
4400.65,0.00563507,0.0292964,68.4003,1.91521,4471
3060.07,0.00391844,0.0203719,47.5696,1.33195,3109
3241.17,0.00415032,0.0215773,50.3887,1.41088,3293
10399.8,0.0133178,0.0692376,161.575,4.52409,10566
2601.4,0.00333128,0.0173189,40.4465,1.1325,2643
3383.85,0.00433271,0.022525,52.6511,1.47423,3438
6995.1,0.00895662,0.0465648,108.798,3.04635,7107
3132.87,0.00401137,0.0208548,48.7395,1.36471,3183
2722.44,0.00348581,0.0181226,42.3547,1.18593,2766
1762.78,0.00225701,0.0117341,27.4352,0.768186,1791
3600.39,0.00460992,0.0239666,56.0143,1.5684,3658
2373.03,0.00303846,0.0157966,36.9212,1.03379,2411
3601.38,0.00461133,0.0239733,56.0183,1.56851,3659
2260.83,0.00289481,0.0150499,35.1686,0.984721,2297
2448.79,0.00313535,0.0163002,38.1278,1.06758,2488
2134.81,0.00273338,0.0142105,33.2388,0.930686,2169
3614.14,0.00462754,0.024058,56.2569,1.57519,3672
5871.14,0.00751778,0.0390847,91.2621,2.55534,5965
2419.3,0.00309786,0.0161056,37.6231,1.05345,2458
3234.26,0.00414128,0.0215301,50.3104,1.40869,3286
4063,0.00520243,0.0270467,63.1943,1.76944,4128
2119.09,0.00271333,0.0141062,32.9738,0.923266,2153
3401.58,0.00435548,0.0226438,52.9077,1.48142,3456
3007.91,0.0038521,0.0200268,46.7554,1.30915,3056
3202.82,0.0041022,0.0213266,49.7633,1.39337,3254
2791.38,0.00357505,0.0185861,43.3797,1.21463,2836
4473.52,0.0057295,0.029787,69.4983,1.94595,4545
3655.57,0.00468143,0.0243377,56.8077,1.59061,3714
2921.3,0.00374093,0.0194487,45.4041,1.27131,2968
2294.32,0.00293795,0.0152742,35.6665,0.998662,2331
4024.68,0.005154,0.0267948,62.5417,1.75117,4089
2749.06,0.00352044,0.0183023,42.7259,1.19633,2793
2429.14,0.00311032,0.0161704,37.7834,1.05793,2468
4984.29,0.00638205,0.03318,77.5041,2.17012,5064
1670.27,0.00213866,0.0111187,25.9861,0.72761,1697
3461.63,0.00443241,0.0230437,53.8377,1.50746,3517
2791.31,0.00357394,0.0185806,43.4467,1.21651,2836
3266.75,0.00418321,0.0217479,50.8051,1.42254,3319
2828.75,0.00362237,0.0188319,43.9963,1.2319,2874
3409.46,0.00436585,0.0226977,53.0242,1.48468,3464
2858.28,0.00366016,0.0190289,44.4501,1.2446,2904
4139.8,0.00530111,0.0275598,64.3667,1.80227,4206
2603.36,0.00333365,0.0173316,40.4882,1.13367,2645
2388.79,0.00305906,0.0159034,37.1496,1.04019,2427
5714.6,0.00731714,0.0380409,88.866,2.48825,5806
9543.25,0.0122189,0.0635249,148.513,4.15836,9696
5242.06,0.00671177,0.0348934,81.6152,2.28523,5326
3033.42,0.00388386,0.0201918,47.2367,1.32263,3082
3941.9,0.00504714,0.0262395,61.3496,1.71779,4005
2637.78,0.00337734,0.0175586,41.0532,1.14949,2680
2763.76,0.00353869,0.0183971,43.0144,1.2044,2808
2714.55,0.00347572,0.0180696,42.2417,1.18277,2758
3857.31,0.0049392,0.0256783,59.9763,1.67934,3919
3608.3,0.0046203,0.0240205,56.1016,1.57084,3666
2713.6,0.00347475,0.018065,42.1953,1.18147,2757
3602.35,0.00461248,0.0239798,56.0526,1.56947,3660
2638.76,0.00337867,0.0175654,41.0645,1.14981,2681
1466.51,0.0018777,0.0097619,22.8345,0.639367,1490
1999.98,0.00256068,0.013313,31.1299,0.871637,2032
5304.2,0.00679184,0.0353101,82.4529,2.30868,5389
3900.62,0.00499463,0.0259665,60.6528,1.69828,3963
5565.03,0.00712587,0.037047,86.4994,2.42198,5654
1343.5,0.00172027,0.0089435,20.9019,0.585252,1365
7573.9,0.00969802,0.050419,117.748,3.29693,7695
4147.67,0.00531087,0.027611,64.4868,1.80563,4214
1509.85,0.00193352,0.010052,23.4798,0.657435,1534
1592.5,0.00203898,0.0106004,24.7969,0.694313,1618
2685.01,0.00343774,0.0178726,41.8008,1.17042,2728
4777.52,0.00611704,0.0318018,74.3572,2.082,4854
2712.57,0.00347312,0.0180564,42.2219,1.18221,2756
2794.27,0.00357766,0.0186003,43.4914,1.21776,2839
3124.03,0.0040002,0.0207967,48.5851,1.36038,3174
3426.2,0.00438714,0.0228083,53.2779,1.49178,3481
2187.01,0.00280041,0.0145589,34.0175,0.95249,2222
5561.09,0.00712092,0.037021,86.4493,2.42058,5650
3678.18,0.0047099,0.0244861,57.1887,1.60128,3737
4020.71,0.00514852,0.0267665,62.5086,1.75024,4085
1454.72,0.00186281,0.00968449,22.6338,0.633747,1478
2536.43,0.0032479,0.0168856,39.4417,1.10437,2577
2906.52,0.00372179,0.0193496,45.1947,1.26545,2953
2800.22,0.0035857,0.018642,43.5376,1.21905,2845
3682.15,0.00471515,0.0245137,57.2196,1.60215,3741
3435.1,0.00439887,0.0228695,53.3823,1.4947,3490
1824.82,0.00233688,0.012149,28.3665,0.794261,1854
779.535,0.000998255,0.00518977,12.1194,0.339344,792
3868.16,0.00495336,0.025752,60.1224,1.68343,3930
1291.34,0.0016536,0.00859685,20.0864,0.562419,1312
3920.33,0.00502006,0.0260989,60.9333,1.70613,3983
2153.57,0.00275773,0.0143371,33.4798,0.937436,2188
1761.83,0.00225607,0.0117292,27.3884,0.766875,1790
3429.18,0.00439122,0.0228295,53.2979,1.49234,3484
2721.5,0.00348539,0.01812,42.2933,1.18421,2765
1855.34,0.00237605,0.0123527,28.838,0.807465,1885
2134.87,0.00273397,0.0142138,33.1827,0.929115,2169
2564.99,0.0032845,0.0170756,39.8775,1.11657,2606
3360.27,0.00430282,0.0223702,52.2362,1.46261,3414
906.512,0.00116132,0.00603732,14.0866,0.394426,921
4948.93,0.00633803,0.0329503,76.8764,2.15254,5028
4317.02,0.00552904,0.0287444,67.0641,1.8778,4386
2938.04,0.00376255,0.0195612,45.6545,1.27833,2985
2634.88,0.00337442,0.0175433,40.9516,1.14664,2677
3531.55,0.00452294,0.0235139,54.8817,1.53669,3588
2354.36,0.00301509,0.0156751,36.5918,1.02457,2392
2183.1,0.00279589,0.014535,33.9364,0.950219,2218
2494.13,0.00319407,0.0166056,38.7656,1.08544,2534
2376.02,0.00304269,0.0158187,36.9317,1.03409,2414
5104.42,0.00653676,0.0339837,79.3181,2.22091,5186
1913.41,0.00245027,0.0127389,29.745,0.832859,1944
3515.8,0.00450226,0.0234067,54.6395,1.52991,3572
2995.11,0.0038354,0.0199396,46.5589,1.30365,3043
2423.26,0.00310317,0.0161331,37.666,1.05465,2462
3341.59,0.00427921,0.0222473,51.927,1.45396,3395
2615.2,0.00334931,0.0174125,40.6411,1.13795,2657
4591.59,0.00587931,0.0305664,71.3735,1.99846,4665
1290.36,0.00165225,0.00858999,20.0683,0.561912,1311
2473.45,0.00316722,0.0164661,38.4565,1.07678,2513
3903.59,0.0049986,0.0259873,60.6768,1.69895,3966
3509.89,0.00449447,0.0233665,54.5558,1.52756,3566
2150.61,0.00275384,0.0143171,33.4378,0.936259,2185
2449.83,0.00313707,0.0163092,38.0866,1.06642,2489
2124.04,0.00271985,0.0141405,33.0213,0.924596,2158
4998.08,0.00639985,0.0332724,77.7072,2.1758,5078
3757.91,0.00481187,0.0250166,58.4237,1.63586,3818
3858.3,0.00494052,0.025685,59.9919,1.67977,3920
5180.19,0.00663332,0.0344857,80.5164,2.25446,5263
3840.59,0.00491777,0.0255673,59.709,1.67185,3902
4913.45,0.00629153,0.0327093,76.3745,2.13849,4992
2955.74,0.0037847,0.0196767,45.9516,1.28664,3003
4775.65,0.00611515,0.0317922,74.23,2.07844,4852
4609.33,0.00590253,0.0306862,71.6251,2.0055,4683
4759.91,0.00609495,0.0316876,73.979,2.07141,4836
5962.7,0.00763528,0.0396948,92.6594,2.59446,6058
3298.27,0.00422351,0.0219577,51.2647,1.43541,3351
2713.61,0.00347479,0.018065,42.1824,1.18111,2757
5375.09,0.00688304,0.0357838,83.5268,2.33875,5461
3654.57,0.00467962,0.024329,56.8096,1.59067,3713
2638.8,0.00337898,0.0175673,41.0276,1.14877,2681
3057.12,0.00391474,0.0203525,47.5226,1.33063,3106
3336.66,0.00427275,0.0222136,51.8626,1.45215,3390
2814.02,0.00360333,0.0187339,43.7376,1.22465,2859
4260.88,0.00545598,0.0283654,66.2324,1.85451,4329
2049.23,0.00262404,0.013642,31.8664,0.892258,2082
5041.41,0.00645548,0.0335619,78.3582,2.19403,5122
6893.81,0.00882738,0.0458927,107.14,2.99991,7004
8344.77,0.0106889,0.0555701,129.539,3.62709,8478
3933.16,0.00503769,0.02619,61.0946,1.71065,3996
3332.75,0.00426869,0.0221918,51.7757,1.44972,3386
4507.02,0.00577293,0.0300124,69.9891,1.95969,4579
10839,0.0138838,0.0721788,168.237,4.71065,11012
4878.07,0.00624758,0.0324803,75.7743,2.12168,4956
2671.3,0.00342104,0.0177855,41.5115,1.16232,2714
4779.62,0.00612082,0.0318217,74.2668,2.07947,4856
3394.75,0.00434762,0.0226027,52.7508,1.47702,3449
2023.65,0.00259155,0.0134733,31.4519,0.880652,2056
2210.66,0.00283118,0.0147188,34.3565,0.961981,2246
2041.37,0.00261425,0.013591,31.7289,0.88841,2074
2117.16,0.00271133,0.0140959,32.9041,0.921314,2151
2826.81,0.00362012,0.0188204,43.9343,1.23016,2872
2527.6,0.00323706,0.016829,39.2761,1.09973,2568
4938.95,0.006324,0.0328777,76.8619,2.15213,5018
16233.3,0.0207768,0.108018,254.434,7.12416,16495
7987.11,0.0102219,0.0531434,125.315,3.50881,8116
7405.43,0.00948174,0.0492947,115.284,3.22795,7524
3063.93,0.00392287,0.0203945,47.7095,1.33587,3113
4425.31,0.0056686,0.0294697,68.7263,1.92434,4496
2014.8,0.00258054,0.0134155,31.3052,0.876545,2047
2540.41,0.00325417,0.0169174,39.4635,1.10498,2581
11145.1,0.0142777,0.0742266,172.987,4.84363,11323
11138.2,0.0142659,0.0741658,172.914,4.8416,11316
6275.74,0.00803854,0.0417899,97.4759,2.72932,6376
4031.58,0.00516403,0.0268464,62.6365,1.75382,4096
9008.19,0.01154,0.0599938,139.827,3.91517,9152
5666.48,0.00725705,0.0377282,88.007,2.4642,5757
8100.64,0.010375,0.0539372,125.774,3.52167,8230
3449.88,0.00441825,0.0229698,53.5939,1.50063,3505
12022.1,0.0153979,0.0800508,186.627,5.22555,12214
31729.3,0.0406443,0.211301,492.65,13.7942,32236
5114.29,0.00655145,0.0340596,79.4457,2.22448,5196
10490.6,0.0134412,0.0698778,162.796,4.55829,10658
4190.11,0.00536921,0.027913,65.0356,1.821,4257
3567.98,0.00456971,0.0237573,55.4411,1.55235,3625
7402.74,0.00948168,0.0492935,114.983,3.21951,7521
4930.33,0.00631816,0.0328463,76.4901,2.14172,5009
2570.91,0.00329238,0.0171168,39.9519,1.11865,2612
3236.28,0.00414441,0.0215461,50.2884,1.40808,3288
4529.61,0.00580055,0.0301567,70.3844,1.97076,4602
3816.02,0.00488696,0.0254062,59.2905,1.66013,3877
3050.25,0.00390605,0.0203072,47.4023,1.32726,3099
1513.8,0.00193879,0.0100796,23.5249,0.658697,1538
4567.1,0.00585166,0.0304214,70.8824,1.98471,4640
1665.38,0.00213315,0.0110899,25.8781,0.724588,1692
8248.32,0.0105663,0.0549321,128.032,3.58489,8380
1903.58,0.00243799,0.0126749,29.5774,0.828168,1934
17544,0.0224743,0.116839,272.286,7.624,17824
3895.77,0.00499029,0.0259435,60.5079,1.69422,3958
2227.3,0.00285199,0.0148271,34.7063,0.971777,2263
9469.38,0.0121241,0.0630325,147.421,4.1278,9621
1413.39,0.00181053,0.00941253,21.9814,0.61548,1436
9470.89,0.0121251,0.0630354,147.895,4.14106,9623
7311.81,0.00936147,0.0486688,113.943,3.1904,7429
6052.01,0.00774851,0.040284,94.3,2.6404,6149
4044.16,0.00517779,0.0269186,63.0404,1.76513,4109
3563.88,0.00456292,0.023722,55.5366,1.55503,3621
9763.95,0.0124985,0.0649789,152.701,4.27564,9921
1143.62,0.00146412,0.00761194,17.8696,0.500349,1162
695.77,0.000890504,0.00462966,10.9184,0.305716,707
6097.51,0.00780883,0.0405973,94.7839,2.65395,6195
38282.2,0.0490357,0.254925,594.822,16.655,38894
11141.9,0.014271,0.074193,173.118,4.84729,11320
3810.07,0.00487976,0.0253687,59.244,1.65883,3871
5071.93,0.00649615,0.0337722,78.8229,2.20704,5153
4058.09,0.00519743,0.0270203,63.1093,1.76706,4123
1661.42,0.00212783,0.0110621,25.843,0.723603,1688
3205.72,0.004106,0.0213462,49.8593,1.39606,3257
18727.8,0.0239859,0.124698,290.919,8.14574,19027
5245.16,0.00671746,0.0349225,81.5149,2.28242,5329
823.765,0.00105475,0.00548366,12.8678,0.360297,837
9250.57,0.0118433,0.0615714,144.311,4.04072,9399
7255.92,0.00929149,0.0483052,112.864,3.1602,7372
1602.24,0.00205148,0.0106653,25.0489,0.701368,1628
1374.86,0.00175995,0.00914984,21.5239,0.602668,1397
3403.2,0.00435595,0.0226464,53.2851,1.49198,3458
8163.25,0.0104525,0.0543417,127.126,3.55952,8294
6892.57,0.00882505,0.0458804,107.371,3.00638,7003
2631.81,0.00336962,0.0175183,41.0163,1.14846,2674
9450.87,0.0121039,0.0629253,146.945,4.11445,9602
1673.21,0.00214239,0.0111379,26.047,0.729316,1700
2497.08,0.00319772,0.0166248,38.8124,1.08675,2537
1996.08,0.00255615,0.013289,31.0317,0.868887,2028
2217.55,0.00283981,0.014764,34.466,0.965048,2253
1613.2,0.00206582,0.0107399,25.0817,0.702289,1639
2130.93,0.00272876,0.0141867,33.1266,0.927544,2165
2451.79,0.00313965,0.0163224,38.1219,1.06741,2491
2449.8,0.00313691,0.0163085,38.1141,1.06719,2489
2762.79,0.00353772,0.0183922,42.9879,1.20366,2807
1898.62,0.00243111,0.0126392,29.5424,0.827187,1929
2189.96,0.0028042,0.0145789,34.069,0.953931,2225
1750.98,0.00224209,0.0116563,27.2457,0.762879,1779
2814.96,0.0036045,0.0187397,43.7906,1.22614,2860
1418.3,0.0018161,0.00944173,22.0732,0.618049,1441
2840.56,0.00363733,0.0189101,44.1832,1.23713,2886
3631.89,0.00465061,0.0241782,56.4996,1.58199,3690
1701.76,0.00217907,0.0113287,26.4806,0.741457,1729
2647.64,0.00339019,0.0176256,41.1843,1.15316,2690
1653.54,0.00211731,0.011008,25.7242,0.720279,1680
5857.35,0.00750065,0.0389948,91.0586,2.54964,5951
2409.46,0.00308535,0.0160402,37.4747,1.04929,2448
1422.24,0.0018212,0.00946829,22.1257,0.619521,1445
1818.92,0.0023293,0.0121097,28.2771,0.791759,1848
5319.99,0.00681283,0.0354191,82.6554,2.31435,5405
2915.36,0.00373311,0.0194081,45.3509,1.26983,2962
3381.92,0.00433063,0.0225143,52.5805,1.47225,3436
6218.57,0.0079631,0.041399,96.6693,2.70674,6318
3674.24,0.00470496,0.0244605,57.13,1.59964,3733
2050.21,0.00262531,0.0136487,31.8829,0.892722,2083
3188,0.00408224,0.0212228,49.5845,1.38837,3239
2279.53,0.00291891,0.0151754,35.4569,0.992792,2316
1427.16,0.00182745,0.00950064,22.2082,0.621829,1450
2423.23,0.00310291,0.0161319,37.6948,1.05545,2462
2616.15,0.00335002,0.0174161,40.6888,1.13929,2658
2935.06,0.00375841,0.0195393,45.6425,1.27799,2982
2659.45,0.0034054,0.0177048,41.3695,1.15835,2702
2643.7,0.00338522,0.0175999,41.1267,1.15155,2686
4212.63,0.00539451,0.0280456,65.4978,1.83394,4280
4918.35,0.006298,0.0327427,76.4738,2.14127,4997
1452.77,0.00186043,0.00967191,22.5855,0.632394,1476
1388.79,0.00177841,0.00924566,21.5926,0.604593,1411
3115.21,0.00398923,0.0207397,48.4141,1.35559,3165
1912.42,0.00244895,0.0127318,29.7336,0.832541,1943
1457.68,0.00186657,0.0097042,22.6703,0.63477,1481
3072.86,0.00393485,0.0204568,47.7738,1.33767,3122
1589.58,0.00203546,0.0105823,24.7179,0.692102,1615
2016.75,0.00258247,0.0134259,31.3588,0.878047,2049
2656.52,0.0034017,0.0176852,41.3042,1.15652,2699
2692.94,0.00344839,0.0179278,41.8636,1.17218,2736
1335.62,0.00171022,0.00889127,20.7881,0.582066,1357
1728.33,0.0022131,0.0115057,26.9073,0.753406,1756
1319.86,0.00169007,0.00878623,20.5541,0.575515,1341
1591.52,0.00203797,0.0105951,24.7754,0.69371,1617
2084.63,0.00266935,0.0138777,32.4453,0.908469,2118
7908.64,0.0101276,0.0526525,122.861,3.4401,8035
3222.48,0.0041265,0.0214533,50.0944,1.40264,3274
7567.09,0.00969043,0.0503793,117.555,3.29154,7688
8366.07,0.0107073,0.0556664,131.186,3.6732,8501
5590.49,0.00715801,0.0372137,87.0273,2.43676,5680
14914.2,0.0190965,0.0992804,232.144,6.50004,15153
7589.42,0.00971785,0.0505214,118.208,3.30983,7711
10282.2,0.0131651,0.0684442,160.232,4.48649,10447
1611.76,0.00207237,0.0107728,24.5352,0.686986,1637
519.883,0.000668867,0.00347707,7.89212,0.220979,528
471.628,0.000606646,0.00315314,7.16747,0.200689,479
403.652,0.00051878,0.0026967,6.17184,0.172812,410
763.021,0.000980604,0.00509804,11.6471,0.326119,775
614.382,0.000790057,0.00410698,9.35085,0.261824,624
19462.1,0.0249244,0.129579,302.298,8.46434,19773
3277.56,0.00419704,0.0218196,50.9887,1.42768,3330
6285.49,0.00804883,0.0418455,97.723,2.73624,6386
5534.51,0.0070879,0.0368482,86.0385,2.40908,5623
3216.54,0.00411897,0.0214143,50.0348,1.40097,3268
5401.6,0.00691746,0.0359628,84.0071,2.3522,5488
2908.49,0.0037244,0.0193628,45.2199,1.26616,2955
3910.48,0.00500746,0.0260334,60.7902,1.70213,3973
2671.28,0.00342059,0.0177833,41.538,1.16307,2714
3166.37,0.00405461,0.0210795,49.231,1.37847,3217
2345.49,0.00300346,0.0156146,36.4708,1.02118,2383
2160.44,0.00276647,0.0143825,33.6,0.9408,2195
1093.52,0.0014005,0.00728099,16.9998,0.475994,1111
3849.88,0.00495204,0.0257428,58.4567,1.63679,3910
2925.3,0.00376296,0.0195613,44.4293,1.24402,2971
21259.2,0.027272,0.141776,328.469,9.19713,21597
3775.02,0.00485587,0.0252432,57.341,1.60555,3834
199.868,0.000256993,0.00133602,3.04519,0.0852654,203
1115.43,0.00143295,0.00744943,17.0806,0.478257,1133
604.535,0.000777424,0.00404144,9.20276,0.257677,614
1761.21,0.00226217,0.01176,27.0161,0.75645,1789
261.887,0.000336533,0.0017495,3.99873,0.111964,266
164.418,0.000211366,0.00109871,2.5102,0.0702855,167
406.619,0.00052267,0.00271694,6.20384,0.173707,413
614.34,0.000789382,0.00410343,9.39234,0.262985,624
730.524,0.000938997,0.00488148,11.1576,0.312412,742
385.95,0.000496164,0.0025794,5.8824,0.164707,392
666.504,0.000856217,0.00445168,10.2047,0.285731,677
845.715,0.00108708,0.00565126,12.9168,0.361671,859
4821.58,0.00620166,0.0322391,73.3251,2.0531,4897
479.464,0.000616103,0.00320298,7.32697,0.205155,487
810.239,0.00104092,0.00541141,12.4075,0.347409,823
15746.8,0.0201848,0.104934,244.259,6.83926,15998
2003.05,0.00256797,0.01335,31.0631,0.869767,2035
566.995,0.000727878,0.00378364,8.75555,0.245155,576
1064.27,0.00136773,0.0071104,16.266,0.455448,1081
157.522,0.000202456,0.00105261,2.40929,0.06746,160
649.807,0.000835383,0.00434252,9.91009,0.277482,660
2365.32,0.00303345,0.0157697,36.64,1.02592,2403
15407.2,0.0197478,0.102663,238.946,6.69048,15653
1546.35,0.0019832,0.0103101,23.9707,0.671179,1571
780.569,0.00100118,0.00520509,12.0866,0.338424,793
6158.75,0.0078938,0.0410371,95.5244,2.67468,6257
6821.28,0.0087477,0.0454747,105.709,2.95985,6930
15331.2,0.0196444,0.102128,238,6.66399,15576
469.632,0.000603765,0.00313865,7.16324,0.200571,477
227.406,0.000291982,0.00151796,3.49395,0.0978305,231
169.341,0.000217662,0.00113151,2.58481,0.0723748,172
624.234,0.000802811,0.00417336,9.49472,0.265852,634
8014.61,0.010282,0.0534524,123.854,3.46792,8142
772.716,0.000991383,0.00515378,11.9434,0.334414,785
2915.68,0.0037411,0.0194484,45.0403,1.26113,2962
2689.41,0.00345241,0.0179473,41.4122,1.15954,2732
7641.18,0.00981129,0.0510045,117.471,3.2892,7762
464.669,0.000596842,0.00310284,7.12784,0.19958,472
606.408,0.000778705,0.00404805,9.32618,0.261133,616
1391.88,0.00178644,0.00928704,21.5074,0.602206,1414
1883.19,0.00241842,0.0125721,28.9873,0.811643,1913
285.481,0.000366641,0.00190622,4.39357,0.12302,290
392.794,0.000504477,0.00262252,6.03437,0.168962,399
265.777,0.000341071,0.00177308,4.10632,0.114977,270
721.524,0.000925714,0.0048127,11.1579,0.312422,733
325.862,0.000418659,0.00217649,4.99583,0.139883,331
857.423,0.00110096,0.00572346,13.2004,0.369611,871
741.251,0.000951804,0.00494779,11.4229,0.319842,753
184.085,0.000236372,0.00122876,2.83454,0.0793672,187
2469.19,0.00317366,0.0164985,37.7336,1.05654,2508
914.605,0.00117538,0.00611043,13.9954,0.39187,929
1163.55,0.00149374,0.00776529,17.9413,0.502355,1182
1493.25,0.0019152,0.00995669,23.0924,0.646586,1517
1914.74,0.0024589,0.0127823,29.4181,0.823705,1945
1041.58,0.00133799,0.00695583,15.969,0.447132,1058
4862.57,0.00623567,0.0324171,75.2822,2.1079,4940
1959.89,0.00251474,0.0130728,30.2508,0.847021,1991
1794.49,0.00230233,0.0119695,27.7187,0.776125,1823
4618.45,0.00592186,0.030786,71.5119,2.00233,4692
260.848,0.000334527,0.00173902,4.03705,0.113037,265
2220.81,0.00285112,0.0148219,34.2109,0.957905,2256
2081.03,0.00267158,0.0138882,32.0545,0.897525,2114
831.79,0.00106749,0.00554935,12.8441,0.359634,845
521.746,0.000669881,0.00348215,8.02535,0.22471,530
5695.53,0.00735374,0.0382241,84.068,2.3539,5782
3999.21,0.00516272,0.0268368,59.1074,1.65501,4060
589.066,0.000760699,0.00395409,8.68609,0.243211,598
1616.64,0.00208944,0.0108615,23.6798,0.663033,1641
1757.52,0.00227154,0.0118075,25.7465,0.720902,1784
488.646,0.000631648,0.00328324,7.14947,0.200185,496
394.037,0.000508923,0.00264567,5.79745,0.162329,400
562.029,0.000720351,0.00374488,8.72245,0.244229,571
948.929,0.00121751,0.00632968,14.6531,0.410287,964
14551.1,0.0186858,0.0971381,223.559,6.25964,14781
2696.1,0.00345822,0.0179777,41.706,1.16777,2739
905.574,0.00116118,0.00603656,14.0256,0.392717,920
967.649,0.00124191,0.00645626,14.925,0.417899,983
731.331,0.000937414,0.00487349,11.3453,0.317667,743
309.114,0.000396917,0.00206342,4.751,0.133028,314
588.673,0.000755657,0.00392869,9.0685,0.253918,598
1124.07,0.00144104,0.00749166,17.4304,0.488051,1142
1952.01,0.00250494,0.0130227,30.1321,0.8437,1983
1142.83,0.00146639,0.00762293,17.6685,0.494718,1161
932.213,0.0011963,0.0062187,14.3768,0.402551,947
3444.53,0.00442246,0.022991,52.9602,1.48289,3499
9721.1,0.0124921,0.0649391,148.663,4.16257,9874
410.829,0.000531227,0.00276131,5.99956,0.167988,417
379.184,0.000488956,0.00254196,5.65441,0.158324,385
1490.24,0.00192271,0.00999517,22.1311,0.619671,1513
2282.98,0.00294392,0.0153037,34.0476,0.953332,2318
214.744,0.000277312,0.00144149,3.16586,0.088644,218
636.348,0.000821739,0.0042717,9.38407,0.262754,646
206.885,0.000267413,0.00139005,3.0285,0.0847979,210
705.367,0.000911457,0.00473823,10.3382,0.289469,716
500.445,0.000646645,0.00336164,7.34551,0.205674,508
248.245,0.000320698,0.001667,3.65112,0.102231,252
162.542,0.000209993,0.00109165,2.39025,0.066927,165
459.054,0.000592919,0.00308224,6.75339,0.189095,466
132.99,0.000171793,0.000893005,1.95444,0.0547243,135
966.473,0.00124934,0.00649401,14.1242,0.395476,981
167.469,0.000216324,0.00112451,2.46111,0.0689111,170
1807.86,0.0023375,0.01215,26.3854,0.738792,1835
441.349,0.00057039,0.00296495,6.46639,0.181059,448
426.568,0.000551195,0.00286527,6.25384,0.175107,433
192.105,0.000248257,0.00129053,2.81507,0.078822,195
286.666,0.000370405,0.00192545,4.21379,0.117986,291
433.428,0.000559737,0.00290972,6.38963,0.17891,440
647.105,0.000834626,0.00433888,9.62041,0.269372,657
512.186,0.000660988,0.00343569,7.59766,0.212734,520
514.144,0.000663261,0.00344771,7.63815,0.213868,522
628.413,0.000810853,0.00421488,9.32079,0.260982,638
986.022,0.00127333,0.00661834,14.5621,0.407739,1001
1202.49,0.00154992,0.00805706,17.9977,0.503936,1221
242.274,0.000312344,0.00162336,3.62276,0.101437,246
442.232,0.000570427,0.00296536,6.58048,0.184254,449
1250.75,0.00161205,0.00837972,18.7191,0.524134,1270
443.17,0.000571056,0.00296862,6.64005,0.185921,450
550.567,0.000710076,0.00369117,8.19912,0.229575,559
147.743,0.000190579,0.000990629,2.19393,0.0614301,150
274.81,0.000354594,0.0018434,4.0741,0.114075,279
264.974,0.000342012,0.00177788,3.91402,0.109592,269
367.413,0.000474204,0.00246507,5.43191,0.152093,373
673.732,0.000869316,0.00451873,9.98344,0.279536,684
478.721,0.00061786,0.00321175,7.07671,0.198148,486
797.825,0.00102922,0.00535017,11.8377,0.331455,810
337.869,0.000436261,0.00226783,4.9888,0.139686,343
417.673,0.000539406,0.00280383,6.15188,0.172253,424
186.157,0.000240181,0.00124848,2.76379,0.077386,189
1081.49,0.00139535,0.00725311,16.0508,0.449421,1098
266.906,0.000344125,0.00178888,3.98044,0.111452,271
147.749,0.000190693,0.000991283,2.18853,0.0612788,150
116.234,0.000150055,0.000780044,1.7166,0.0480649,118
1495.11,0.00192812,0.0100229,22.2571,0.623198,1518
855.019,0.0011039,0.00573852,12.6206,0.353376,868
17608.6,0.0227342,0.118177,259.932,7.27811,17876
659.914,0.000851208,0.00442499,9.80584,0.274563,670
449.163,0.00057978,0.0030137,6.6476,0.186133,456
678.667,0.000875896,0.00455318,10.0463,0.281297,689
1009.47,0.00130109,0.00676338,15.0963,0.422696,1025
513.139,0.000661753,0.00343985,7.64316,0.214008,521
202.915,0.000262031,0.00136185,2.99934,0.0839815,206
586.084,0.000756586,0.00393284,8.66884,0.242728,595
852.891,0.00109933,0.00571472,12.7457,0.356879,866
480.622,0.000619557,0.00322079,7.17344,0.200856,488
293.558,0.000379183,0.00197121,4.31865,0.120922,298
417.685,0.000539641,0.00280474,6.13984,0.171915,424
241.299,0.000311061,0.00161699,3.59875,0.100765,245
557.431,0.00071848,0.00373479,8.33109,0.233271,566
1789.62,0.00230802,0.0119973,26.6208,0.745382,1817
803.746,0.00103706,0.00539073,11.914,0.333592,816
909.192,0.00117379,0.00610127,13.4251,0.375904,923
132.008,0.000170588,0.000886887,1.93689,0.054233,134
322.122,0.000416118,0.00216301,4.74244,0.132788,327
307.351,0.000397124,0.00206424,4.52016,0.126565,312
269.873,0.000348119,0.00180945,4.01256,0.112352,274
340.843,0.000440215,0.00228838,5.01346,0.140377,346
172.378,0.000222535,0.00115662,2.54903,0.0713729,175
542.777,0.000700949,0.00364372,7.99527,0.223868,551
196.999,0.000254219,0.00132157,2.91802,0.0817045,200
473.725,0.000610732,0.00317452,7.07313,0.198048,481
650.133,0.000839369,0.00436311,9.59341,0.268616,660
2311.85,0.00298393,0.0155118,34.1729,0.95684,2347
220.625,0.000284558,0.00147901,3.28177,0.0918895,224
280.678,0.00036165,0.00188005,4.20189,0.117653,285
317.163,0.000409286,0.00212742,4.70281,0.131679,322
452.141,0.000583975,0.00303525,6.66818,0.186709,459
235.401,0.00030373,0.00157877,3.49866,0.0979624,239
265.925,0.000342838,0.00178227,3.96203,0.110937,270
462.956,0.000597618,0.00310629,6.84829,0.191752,470
510.248,0.000658666,0.00342395,7.53694,0.211034,518
294.503,0.000379909,0.00197484,4.372,0.122416,299
1282.12,0.00164069,0.00853018,20.2991,0.568374,1303
648.477,0.000829947,0.00431478,10.2318,0.286491,659
5476.55,0.00701079,0.0364492,85.9956,2.40788,5565
10014,0.0128152,0.0666246,157.534,4.41096,10176
945.894,0.0012128,0.00630502,14.6875,0.411249,961
724.397,0.000928473,0.00482709,11.2816,0.315884,736
1239.22,0.00158984,0.00826512,19.2319,0.538492,1259
371.413,0.000480362,0.00249666,5.43148,0.152081,377
1364.22,0.00176136,0.00915571,20.2024,0.565666,1385
254.145,0.000328308,0.00170657,3.74845,0.104957,258
535.839,0.000691813,0.00359612,7.9346,0.222169,544
1228.06,0.00157195,0.00817215,19.3845,0.542767,1248
1124.01,0.00144025,0.00748759,17.4949,0.489857,1142
532.374,0.000681393,0.00354243,8.38671,0.234828,541
11674.7,0.0149372,0.0776607,184.088,5.15447,11864
541.409,0.000695074,0.00361352,8.35318,0.233889,550
4275.02,0.00548611,0.0285197,66.0923,1.85058,4343
460.633,0.00059067,0.00307067,7.1632,0.200569,468
196.008,0.000252975,0.00131513,2.90861,0.0814411,199
155.614,0.000200749,0.00104361,2.31939,0.0649429,158
343.786,0.000444193,0.00230859,5.06904,0.141933,349
9935.2,0.0127288,0.0661741,154.397,4.32313,10094
2043.2,0.00261873,0.0136144,31.8914,0.89296,2076
963.471,0.00123404,0.00641508,15.0987,0.422763,979
1101.32,0.00141153,0.00733782,17.1892,0.481297,1119
336.851,0.000434704,0.00225971,5.00623,0.140174,342
625.491,0.000807795,0.00419909,9.24547,0.258873,635
459.042,0.00059298,0.00308274,6.7646,0.189409,466
530.042,0.000685635,0.00356375,7.73707,0.216638,538
319.17,0.000412438,0.00214394,4.69609,0.131491,324
693.395,0.000894887,0.0046516,10.3109,0.288706,704
5747.96,0.00736457,0.0382864,89.4874,2.50565,5840
3577.55,0.00458196,0.023821,55.8531,1.56389,3635
245.296,0.000317063,0.00164823,3.60095,0.100827,249
626.148,0.000804919,0.00418423,9.57905,0.268213,636
1033.79,0.00132939,0.00691089,15.7559,0.441165,1050
263.024,0.000339927,0.00176708,3.86574,0.108241,267
426.289,0.000547979,0.00284844,6.52506,0.182702,433
538.57,0.000692921,0.00360177,8.19667,0.229507,547
803.334,0.00103236,0.0053665,12.3152,0.344826,816
1342.92,0.001727,0.00897794,20.4917,0.573767,1364
466.692,0.000600294,0.00312057,7.10579,0.198962,474
1,0,0,0,0,1
200.841,0.00025816,0.00134214,3.07151,0.0860022,204
1141.68,0.00146279,0.00760448,17.8094,0.498663,1160
1535.38,0.00196764,0.010229,23.9379,0.670261,1560
760.066,0.000977233,0.00507986,11.6033,0.324893,772
6892.41,0.00885774,0.0460464,105.578,2.95618,7001
372.372,0.000481276,0.00250168,5.47163,0.153206,378
793.523,0.00102009,0.00530327,12.1308,0.339663,806
153.691,0.000198777,0.0010333,2.24516,0.0628645,156
162.568,0.000210405,0.00109352,2.36471,0.066212,165
199.024,0.000257535,0.00133868,2.89382,0.081027,202
670.047,0.000867887,0.00451099,9.67699,0.270956,680
277.799,0.000358949,0.00186569,4.08446,0.114365,282
682.772,0.000883472,0.00459244,9.9438,0.278426,693
150.705,0.000194597,0.00101153,2.23095,0.0624666,153
1563.98,0.00200459,0.0104216,24.3233,0.681051,1589
972.34,0.00124512,0.00647293,15.2258,0.426322,988
351.742,0.000455218,0.00236611,5.11188,0.143133,357
515.238,0.000666155,0.00346285,7.54616,0.211292,523
950.749,0.00122999,0.00639333,13.8554,0.38795,965
225.638,0.000292211,0.00151858,3.26825,0.0915111,229
107.364,0.000138593,0.000720444,1.59072,0.0445403,109
589.82,0.000759451,0.00394782,8.92577,0.249922,599
4194.5,0.00535761,0.0278555,67.5724,1.89203,4264
832.221,0.00106314,0.00552733,13.3974,0.375128,846
10907.3,0.0139715,0.0726344,169.871,4.75639,11082
1105.33,0.00141685,0.00736541,17.1788,0.481007,1123
979.18,0.0012541,0.00651973,15.382,0.430695,995
1771.45,0.00226935,0.0117984,27.7601,0.777282,1800
353.34,0.000452911,0.00235439,5.50313,0.154088,359
1278.59,0.00164039,0.00852693,19.8398,0.555513,1299
2199.03,0.00282251,0.0146729,34.0044,0.952124,2234
664.074,0.000848802,0.00441294,10.6228,0.297439,675
1333.52,0.0016998,0.00883847,21.8593,0.612062,1356
18949.4,0.0241887,0.125762,306.813,8.59077,19265
1457.57,0.0018669,0.00970551,22.78,0.63784,1481
633.702,0.000811274,0.00421748,10.0124,0.280346,644
211.609,0.000271407,0.00141091,3.29665,0.0923063,215
2117.88,0.00271217,0.0141001,33.1715,0.928801,2152
27672,0.0354568,0.184332,432.693,12.1154,28117
1166.16,0.00149305,0.00776242,18.3167,0.512869,1185
624.9,0.000800261,0.00416059,9.82007,0.274962,635
523.675,0.00067218,0.00349431,8.09437,0.226642,532
621.069,0.000796319,0.00413961,9.65602,0.270369,631
488.215,0.000626223,0.00325543,7.56882,0.211927,496
937.397,0.00119684,0.00622233,15.171,0.424788,953
1180.17,0.00150483,0.00782471,19.2807,0.539859,1200
517.7,0.000663674,0.00345046,8.06957,0.225948,526
312.007,0.000400172,0.00208039,4.85416,0.135917,317
267.71,0.000343239,0.0017846,4.17086,0.116784,272
450.7,0.000577191,0.00300065,7.09809,0.198746,458
1823.48,0.00233441,0.0121363,28.6976,0.803534,1853
650.488,0.000832974,0.0043305,10.2211,0.286192,661
1384.91,0.00177655,0.00923533,21.4743,0.601281,1407
1007.86,0.00129236,0.00671829,15.6904,0.439332,1024
1313.01,0.00168348,0.00875179,20.4091,0.571456,1334
6819.13,0.00870883,0.0452806,109.745,3.07287,6932
1259.89,0.0016072,0.0083563,20.5261,0.574732,1281
472.438,0.000605945,0.00315027,7.35243,0.205868,480
4579.59,0.00587194,0.0305272,71.3798,1.99863,4653
395.614,0.000506833,0.0026349,6.20945,0.173865,402
1207.58,0.00154704,0.00804248,18.878,0.528584,1227
502.976,0.000645393,0.00335538,7.80185,0.218452,511
8654.85,0.0111009,0.0577098,134.324,3.76108,8793
4349.59,0.00562529,0.0292392,63.5907,1.78054,4415
11263.3,0.014519,0.0754717,168.891,4.72895,11437
806.774,0.00103168,0.00536371,12.8596,0.360069,820
1547.54,0.00197809,0.0102842,24.7561,0.693171,1573
358.271,0.000459523,0.00238889,5.56987,0.155956,364
765.623,0.000980684,0.00509883,12.0344,0.336962,778
420.29,0.000539203,0.00280301,6.52426,0.182679,427
319.914,0.00041069,0.00213513,4.94456,0.138448,325
296.278,0.000380178,0.00197661,4.59123,0.128554,301
729.818,0.000941692,0.00489508,10.8717,0.304408,741
2074.75,0.00268261,0.0139451,30.383,0.850724,2106
1208.78,0.00156285,0.00812356,17.7131,0.495967,1227
843.149,0.00107785,0.00560367,13.467,0.377075,857
1351.32,0.0017235,0.00896109,22.0511,0.61743,1374
392.709,0.000503584,0.00261807,6.11706,0.171278,399
464.538,0.00059548,0.0030958,7.25497,0.203139,472
696.81,0.000893126,0.00464311,10.8794,0.304624,708
420.331,0.000539831,0.00280646,6.48452,0.181567,427
208.666,0.000267723,0.00139191,3.24115,0.0907521,212
115.24,0.000148686,0.000773097,1.71126,0.0479152,117
965.357,0.00124696,0.00648272,14.2367,0.398629,980
335.913,0.000434057,0.00225624,4.94586,0.138484,341
999.225,0.0012744,0.00662637,16.3101,0.456682,1016
3184.9,0.00407227,0.0211709,50.6547,1.41833,3237
241.107,0.000308877,0.00160583,3.78476,0.105973,245
624.95,0.000801058,0.00416445,9.77116,0.273592,635
434.998,0.000557512,0.0028984,6.80779,0.190618,442
388.82,0.000499298,0.00259543,6.00874,0.168245,395
2261.03,0.00290296,0.0150913,34.9764,0.97934,2297
300.413,0.000387698,0.00201541,4.46018,0.124885,305
248.231,0.000320643,0.00166652,3.66454,0.102607,252
458.011,0.000591259,0.00307329,6.79498,0.19026,465
909.082,0.00116197,0.00604139,14.5045,0.406127,924
1351.02,0.0017285,0.0089859,21.3677,0.598295,1373
896.55,0.00114883,0.00597257,14.0491,0.393375,911
750.845,0.000961552,0.00499916,11.8183,0.330912,763
212.601,0.000272767,0.00141796,3.30446,0.0925248,216
850.524,0.00109236,0.00567845,13.1026,0.366872,864
331.98,0.000429005,0.00223009,4.88117,0.136673,337
391.055,0.000504936,0.00262512,5.77973,0.161833,397
144.805,0.000187064,0.000972515,2.13406,0.0597537,147
1728.78,0.00221103,0.0114948,27.4362,0.768213,1757
9565.51,0.012237,0.0636212,151.18,4.23305,9721
218.453,0.000279648,0.00145382,3.44906,0.0965736,222
401.532,0.000514527,0.00267468,6.28897,0.176091,408
898.542,0.00115152,0.00598631,14.0575,0.393609,913
4929.51,0.00631013,0.0328059,77.2838,2.16395,5009
2547.32,0.00326767,0.0169872,39.5534,1.10749,2588
519.79,0.000667781,0.00347142,7.98277,0.223518,528
731.337,0.000938178,0.00487712,11.3394,0.317503,743
1204.64,0.0015554,0.00808465,17.8467,0.499707,1223
534.854,0.000690688,0.00359002,7.91993,0.221758,543
302.401,0.000390557,0.00203017,4.47112,0.125191,307
351.68,0.000454566,0.00236256,5.17268,0.144835,357
3488.12,0.00446082,0.0231927,55.3028,1.54848,3545
6749.53,0.00863598,0.0449,106.433,2.98011,6859
2099.31,0.0026915,0.0139922,32.759,0.917252,2133
3561.74,0.00456398,0.0237269,55.6694,1.55874,3619
1364.18,0.00174917,0.00909342,21.2177,0.594095,1386
11572.7,0.0148214,0.0770541,180.164,5.04459,11758
317.879,0.000407396,0.0021178,4.97867,0.139403,323
1918.06,0.00245529,0.0127652,30.082,0.842295,1949
420.375,0.000540197,0.00280843,6.44101,0.180348,427
2088.79,0.00268098,0.0139362,32.2932,0.904208,2122
494.128,0.000634165,0.00329654,7.65363,0.214302,502
472.432,0.000605651,0.00314861,7.35788,0.206021,480
256.11,0.000330806,0.00171941,3.78174,0.105889,260
449.137,0.000579566,0.00301265,6.67278,0.186838,456
264.942,0.000341799,0.00177673,3.94539,0.110471,269
1660.36,0.00213951,0.0111219,24.926,0.697929,1686
316.143,0.000407657,0.00211946,4.72187,0.132212,321
1,0,0,0,0,1
189.127,0.000244248,0.00126969,2.79332,0.0782129,192
819.571,0.00105855,0.00550245,12.0846,0.338368,832
207.857,0.000268598,0.00139616,3.05603,0.0855688,211
246.153,0.000316784,0.001647,3.74005,0.104721,250
191.982,0.000246955,0.00128359,2.93406,0.0821537,195
582.843,0.000749706,0.00389751,8.90318,0.249289,592
376.1,0.000483835,0.00251524,5.73683,0.160631,382
1239.09,0.00159893,0.00831172,18.3814,0.51468,1258
136.859,0.000176124,0.000915568,2.0812,0.0582737,139
192.959,0.000248084,0.00128971,2.95686,0.082792,196
334.813,0.000431336,0.0022421,5.04328,0.141212,340
192.951,0.000247962,0.00128911,2.96464,0.0830098,196
1,0,0,0,0,1
400.956,0.000518338,0.00269423,5.87667,0.164547,407
231.486,0.000298959,0.00155409,3.41655,0.0956634,235
296.343,0.000381142,0.00198129,4.52817,0.126789,301
1079.02,0.00138766,0.00721397,16.5053,0.462148,1096
166.388,0.000214111,0.0011128,2.5394,0.0711033,169
303.224,0.000389852,0.00202671,4.6435,0.130018,308
243.194,0.000312951,0.00162694,3.70066,0.103618,247
2299.17,0.00296024,0.0153893,34.8331,0.975327,2335
114.207,0.000146905,0.000763723,1.74325,0.048811,116
213.665,0.000275102,0.00142985,3.2426,0.0907928,217
320.959,0.000412892,0.00214619,4.90164,0.137246,326
293.381,0.000377288,0.00196126,4.49133,0.125757,298
345.592,0.000444724,0.00231195,5.25765,0.147214,351
670.537,0.000863291,0.0044878,10.1728,0.284837,681
659.729,0.000849564,0.00441646,9.98593,0.279606,670
142.758,0.000183688,0.000954754,2.17979,0.061034,145
589.762,0.000758908,0.00394523,8.98154,0.251483,599
430.281,0.000553829,0.00287911,6.53272,0.182916,437
338.691,0.000435747,0.00226527,5.16205,0.144537,344
676.569,0.00087229,0.00453432,10.1419,0.283973,687
726.696,0.000935916,0.00486525,10.9909,0.307745,738
241.21,0.000310257,0.00161285,3.68526,0.103187,245
269.785,0.000347244,0.00180512,4.09836,0.114754,274
5617.16,0.00723982,0.0376341,84.4303,2.36405,5704
443.13,0.000570931,0.002968,6.67982,0.187035,450
10257.5,0.0131237,0.0682305,161.892,4.53296,10424
4003.06,0.00512163,0.0266281,63.1374,1.76785,4068
6204.34,0.00793826,0.041272,97.867,2.74027,6305
2140.42,0.00273268,0.0142083,34.5904,0.96853,2176
1121.32,0.00143138,0.0074422,18.1603,0.508488,1140
1682.08,0.00214756,0.0111664,27.144,0.760031,1710
826.171,0.00106425,0.00553268,12.4727,0.349236,839
2138.88,0.00275642,0.0143288,32.1981,0.901546,2172
2887.85,0.00369417,0.0192053,45.8445,1.28365,2935
4839.93,0.00619103,0.032187,76.879,2.15261,4919
382.058,0.00049204,0.00255797,5.7773,0.161764,388
415.487,0.000534572,0.00277906,6.33193,0.177294,422
1452.39,0.00187041,0.00972261,21.986,0.615608,1475
248.181,0.000320119,0.00166376,3.71293,0.103962,252
718.888,0.000926569,0.00481663,10.8038,0.302506,730
6029.71,0.00769764,0.0400241,97.5073,2.73021,6130
666.131,0.000852217,0.00443047,10.5677,0.295896,677
1850.84,0.00236787,0.0123104,29.3198,0.820956,1881
2163.84,0.00276125,0.0143561,35.1586,0.984442,2200
1688.23,0.00215758,0.0112182,27.0027,0.756076,1716
2192.82,0.00280162,0.0145666,35.1737,0.984864,2229
430.371,0.000554963,0.00288478,6.44518,0.180465,437
609.021,0.000778659,0.00404833,9.7022,0.271661,619
1019.3,0.00130342,0.00677664,16.2389,0.45469,1036
883.333,0.00113847,0.00591839,13.2883,0.372074,897
1421.26,0.00183417,0.00953531,21.1369,0.591832,1443
615.923,0.000787618,0.00409484,9.79762,0.274333,626
1423.59,0.00181922,0.00945882,22.7649,0.637417,1447
2809.09,0.00359258,0.0186775,44.6377,1.24986,2855
734.844,0.000938684,0.00488074,11.8192,0.330937,747
2148.89,0.00274023,0.0142474,35.1136,0.983181,2185
1014.26,0.00129602,0.00673804,16.2742,0.455678,1031
327.04,0.000422435,0.00219591,4.82227,0.135023,332
838.347,0.00108347,0.00563194,12.3021,0.344459,851
248.219,0.000320394,0.00166538,3.6765,0.102942,252
251.125,0.000323588,0.00168217,3.76735,0.105486,255
164.449,0.000211772,0.00110084,2.47998,0.0694395,167
168.42,0.000217276,0.0011295,2.50814,0.070228,171
392.976,0.000507011,0.00263551,5.8564,0.163979,399
286.672,0.000370586,0.00192591,4.20749,0.11781,291
147.76,0.000190865,0.000992076,2.17813,0.0609875,150
135.934,0.000175584,0.000912481,2.00846,0.0562368,138
278.747,0.000359738,0.00186995,4.13538,0.115791,283
314.251,0.000406065,0.00211068,4.61733,0.129285,319
1268.89,0.00164033,0.00852675,18.5809,0.520265,1288
362.484,0.000468002,0.00243278,5.36291,0.150162,368
131.989,0.00017041,0.000885758,1.95563,0.0547577,134
924.809,0.00119284,0.00620045,13.7968,0.386312,939
1843.6,0.00237639,0.0123534,27.6149,0.773218,1872
223.577,0.000288457,0.00149952,3.32844,0.0931963,227
582.197,0.000752285,0.0039106,8.55892,0.23965,591
339.738,0.000437505,0.0022743,5.11598,0.143247,345
869.899,0.00112425,0.00584371,12.7369,0.356634,883
308.33,0.000398181,0.00206965,4.54026,0.127127,313
999.92,0.00129229,0.0067167,14.6614,0.41052,1015
275.794,0.000356011,0.00185065,4.08927,0.1145,280
343.758,0.000443639,0.00230622,5.09659,0.142705,349
295.491,0.000381411,0.00198259,4.3837,0.122744,300
1634.63,0.00210503,0.0109429,24.6649,0.690616,1660
1232.82,0.001587,0.00824949,18.6524,0.522267,1252
414.552,0.000533537,0.00277357,6.26905,0.175533,421
641.041,0.000825115,0.00428937,9.68304,0.271125,651
163.457,0.000210389,0.00109363,2.47199,0.0692157,166
299.468,0.000386782,0.00201043,4.40592,0.123366,304
197.011,0.000254334,0.00132237,2.9058,0.0813625,200
394.021,0.000508716,0.00264414,5.81351,0.162778,400
304.373,0.00039303,0.00204286,4.49872,0.125964,309
457.975,0.000590674,0.00307022,6.83058,0.191256,465
1188.01,0.00153478,0.00797846,17.4901,0.489723,1206
231.406,0.000298003,0.00154903,3.49414,0.0978358,235
180.201,0.000232052,0.00120623,2.72167,0.0762068,183
457.845,0.000589017,0.00306174,6.95646,0.194781,465
632.218,0.000814538,0.00423397,9.51105,0.266309,642
759.264,0.000978009,0.00508431,11.4107,0.3195,771
183.15,0.000235702,0.00122528,2.77062,0.0775775,186
576.271,0.000744107,0.00386788,8.48631,0.237617,585
5168.24,0.00668122,0.0347263,75.5979,2.11674,5246
641.313,0.000828511,0.00430661,9.41846,0.263717,651
581.019,0.000748514,0.00389095,8.73199,0.244496,590
420.449,0.000541072,0.00281263,6.36902,0.178333,427
1432.7,0.00184393,0.00958588,21.6793,0.607022,1455
555.312,0.000714251,0.00371316,8.44735,0.236526,564
262.905,0.000338392,0.00175893,3.9817,0.111488,267
252.136,0.000325246,0.00169072,3.75642,0.10518,256
4712.83,0.0060666,0.0315365,71.1387,1.99188,4786
301.34,0.000388196,0.00201768,4.53121,0.126874,306
448.044,0.000576749,0.00299841,6.7632,0.18937,455
3537.3,0.00455903,0.0236986,53.1783,1.48899,3592
426.53,0.000550674,0.00286251,6.29067,0.176139,433
1439.36,0.00186064,0.00967104,21.0436,0.58922,1461
1102.43,0.00142511,0.00740734,16.1143,0.451199,1119
1078.71,0.0013934,0.00724301,15.8373,0.443445,1095
476.563,0.000613047,0.00318701,7.23107,0.20247,484
261.912,0.000337001,0.00175182,3.97506,0.111302,266
426.344,0.000548453,0.00285107,6.47121,0.181194,433
135.927,0.000175447,0.000911946,2.01596,0.056447,138
412.63,0.000531809,0.00276442,6.19358,0.17342,419
959.157,0.00123572,0.00642379,14.4313,0.404077,974
300.315,0.000386422,0.00200864,4.55469,0.127531,305
356.473,0.000458921,0.00238586,5.37375,0.150465,362
1013.3,0.00130585,0.00678771,15.2626,0.427353,1029
732.935,0.000946832,0.00492167,10.7583,0.301232,744
1002.88,0.00129586,0.00673628,14.6955,0.411475,1018
295.411,0.00038036,0.00197732,4.46166,0.124927,300
374.163,0.000481493,0.00250283,5.6755,0.158914,380
235.342,0.000302937,0.00157501,3.55611,0.099571,239
2948.41,0.00379861,0.019747,44.3279,1.24118,2994
2342.17,0.0030219,0.0157084,34.8357,0.9754,2378
87.6626,0.000113186,0.000588359,1.30031,0.0364088,89
484.523,0.000624404,0.00324581,7.26994,0.203558,492
437.208,0.000563184,0.00292747,6.60332,0.184893,444
2633.41,0.00339513,0.0176495,39.4666,1.10506,2674
297.431,0.000383622,0.00199431,4.44209,0.124378,302
2738.11,0.00353236,0.0183624,40.7319,1.14049,2780
369.37,0.000476839,0.00247838,5.4735,0.153258,375
1779.35,0.00229087,0.0119087,26.8784,0.752595,1807
362.343,0.00046611,0.00242316,5.49996,0.153999,368
7028.56,0.00904672,0.0470287,106.403,2.97928,7138
15860.5,0.0204422,0.106263,237.712,6.65593,16105
3819.1,0.00492181,0.0255846,57.2682,1.60351,3878
281.655,0.000362984,0.00188681,4.22478,0.118294,286
580.136,0.000748739,0.00389234,8.61802,0.241305,589
417.541,0.000538087,0.00279704,6.28008,0.175842,424
483.52,0.00062313,0.00323903,7.27283,0.203639,491
813.52,0.00104899,0.00545285,12.1334,0.339736,826
1054.77,0.00135971,0.00706815,15.7754,0.44171,1071
301.36,0.000388399,0.00201911,4.51157,0.126324,306
96.5274,0.000124604,0.000647717,1.43172,0.0400882,98
350.559,0.000451361,0.00234637,5.29028,0.148128,356
189.039,0.000243106,0.0012638,2.87841,0.0805955,192
274.807,0.000354722,0.00184403,4.07668,0.114147,279
418.546,0.000539467,0.00280438,6.27474,0.175693,425
563.2,0.000724555,0.00376646,8.55564,0.239558,572
519.905,0.000669481,0.00348029,7.87015,0.220364,528
1045.86,0.00134834,0.00700897,15.6889,0.439288,1062
698.169,0.000899385,0.00467569,10.5303,0.294849,709
763.363,0.000985414,0.00512244,11.3139,0.316789,775
364.425,0.000470167,0.00244401,5.42002,0.151761,370
657.876,0.000848129,0.00440906,9.84271,0.275596,668
1263.29,0.0016258,0.00845114,19.1595,0.536466,1283
331.846,0.000427249,0.00222097,5.01131,0.140317,337
650.99,0.000839396,0.00436356,9.73198,0.272496,661
907.922,0.00116912,0.00607821,13.6874,0.383248,922
162.494,0.000209424,0.00108888,2.43617,0.0682127,165
227.5,0.000293296,0.00152476,3.40317,0.0952889,231
357.503,0.000461103,0.00239692,5.34402,0.149633,363
293.37,0.000377151,0.0019605,4.50137,0.126038,298
615.38,0.000792102,0.00411734,9.35329,0.261892,625
171.356,0.000220854,0.00114805,2.57052,0.0719745,174
327.007,0.000421984,0.0021937,4.85472,0.135932,332
353.623,0.000456642,0.00237352,5.22743,0.146368,359
141.801,0.000182626,0.000949462,2.13765,0.0598542,144
1751.92,0.00225564,0.0117257,26.3334,0.737335,1779
1121.62,0.0014438,0.00750568,16.8932,0.47301,1139
624.401,0.000804658,0.00418265,9.33221,0.261302,634
2032.63,0.00260618,0.013549,31.4757,0.88132,2065
432.157,0.000554751,0.00288364,6.65303,0.186285,439
502.032,0.000644142,0.00334843,7.74697,0.216915,510
1084.69,0.00139056,0.00722889,16.8258,0.471123,1102
324.804,0.000416126,0.00216338,5.05186,0.141452,330
721.488,0.000924703,0.00480756,11.1925,0.313391,733
483.327,0.00062008,0.00322361,7.46027,0.208888,491
587.704,0.000754434,0.00392194,9.03852,0.253079,597
175.227,0.000224935,0.0011694,2.69649,0.0755018,178
818.355,0.00105379,0.00547811,12.2938,0.344226,831
328.821,0.000422439,0.00219581,5.03556,0.140996,334
420.332,0.000539344,0.00280371,6.48343,0.181536,427
1337.82,0.00171729,0.00892739,20.591,0.576549,1359
272.712,0.000350328,0.00182152,4.16909,0.116735,277
579.854,0.000744722,0.00387136,8.89281,0.248999,589
1483.54,0.00190433,0.0099001,22.8104,0.638692,1507
327.759,0.000419889,0.00218288,5.09552,0.142675,333
461.637,0.000591722,0.00307624,7.15881,0.200447,469
1784.92,0.00232899,0.0121039,24.3866,0.682825,1810
218.916,0.000285517,0.00148392,2.99831,0.0839527,222
1457.5,0.0019015,0.00988269,19.9302,0.558046,1478
342.559,0.000439433,0.00228457,5.2902,0.148126,348
447.647,0.000583367,0.0030319,6.17693,0.172954,454
115.363,0.000150345,0.000781282,1.59193,0.0445741,117
109.452,0.00014272,0.000741734,1.50483,0.0421353,111
195.236,0.000254522,0.00132278,2.68741,0.0752474,198
1,0,0,0,0,1
344.138,0.000448699,0.00233208,4.72646,0.132341,349
138.812,0.00017827,0.000926833,2.12728,0.0595637,141
283.964,0.000369919,0.00192284,3.92338,0.109855,288
1431.85,0.0018679,0.0097072,19.589,0.548493,1452
295.804,0.000385474,0.00200356,4.07924,0.114219,300
245.534,0.00032021,0.00166425,3.36935,0.0943417,249
2536,0.00331596,0.0172346,34.0296,0.95283,2571
2942.65,0.00383966,0.0199565,40.2021,1.12566,2984
10156.6,0.0132533,0.0688918,138.467,3.87707,10299
417.09,0.000543691,0.00282565,5.74571,0.16088,423
155.794,0.000203061,0.00105552,2.14458,0.0600481,158
1316.42,0.00171655,0.00892178,18.061,0.505709,1335
717.859,0.000936008,0.004865,9.85953,0.276067,728
1958.42,0.00255467,0.013276,26.8135,0.750779,1986
969.354,0.00126449,0.00657182,13.2671,0.371479,983
276.125,0.000360351,0.00187285,3.76695,0.105475,280
752.424,0.000981677,0.00510221,10.2817,0.287888,763
938.696,0.00122344,0.00635873,12.9347,0.362171,952
605.49,0.000789973,0.00410594,8.27387,0.231668,614
1184.29,0.0015447,0.0080285,16.2463,0.454896,1201
445.924,0.000584048,0.00303584,5.9068,0.16539,452
834.643,0.00109348,0.00568395,11.0414,0.309158,846
937.781,0.00122322,0.00635724,12.8514,0.359839,951
80.8556,0.000105406,0.00054789,1.11255,0.0311515,82
192.274,0.000250596,0.00130253,2.65044,0.0742123,195
1,0,0,0,0,1
190.313,0.000248199,0.00128993,2.61221,0.0731418,193
2643.76,0.00344898,0.0179255,36.2045,1.01373,2681
309.635,0.000403814,0.00209895,4.24342,0.118816,314
870.742,0.00113581,0.00590359,11.9173,0.333684,883
490.072,0.000639003,0.00332083,6.73544,0.188592,497
118.32,0.00015418,0.000801311,1.63323,0.0457305,120
88.7434,0.000115661,0.000601203,1.22167,0.0342067,90
678.411,0.000884639,0.00459762,9.32246,0.261029,688
644.903,0.000841046,0.0043709,8.8439,0.247629,654
17463.9,0.0227935,0.118444,238.334,6.67336,17709
699.176,0.000912233,0.00474121,9.55139,0.267439,709
244.564,0.000319121,0.00165879,3.34033,0.0935294,248
1938.7,0.00252905,0.0131443,26.5387,0.743083,1966
540.695,0.000696823,0.00362254,8.0745,0.226086,549
872.633,0.00112511,0.0058483,12.9964,0.3639,886
414.619,0.000534262,0.00277711,6.20356,0.1737,421
575.097,0.000740426,0.00384906,8.65603,0.242369,584
517.038,0.000666152,0.00346271,7.74127,0.216755,525
507.215,0.00065378,0.00339845,7.56921,0.211938,515
190.974,0.000245129,0.0012742,2.94256,0.0823917,194
262.853,0.000337558,0.00175492,4.03185,0.112892,267
754.016,0.000967168,0.00502816,11.6513,0.326238,766
818.887,0.00104927,0.00545457,12.7494,0.356983,832
888.785,0.00113895,0.00592133,13.8212,0.386993,903
325.032,0.000419152,0.00217912,4.83064,0.135258,330
837.246,0.00108031,0.00561562,12.4,0.3472,850
554.471,0.000714503,0.00371408,8.29238,0.232187,563
550.571,0.000709888,0.00369033,8.19479,0.229454,559
307.247,0.000395609,0.00205665,4.62071,0.12938,312
484.535,0.000624158,0.00324459,7.25761,0.203213,492
309.108,0.000396745,0.00206242,4.75679,0.13319,314
253.963,0.000325729,0.00169333,3.9246,0.109889,258
249.049,0.00031954,0.00166106,3.84142,0.10756,253
450.797,0.000577749,0.0030035,7.00329,0.196092,458
404.54,0.000518515,0.00269561,6.28132,0.175877,411
368.319,0.000474407,0.0024662,5.5235,0.154658,374
675.703,0.00087178,0.00453183,10.011,0.280309,686
840.254,0.00108475,0.00563875,12.3926,0.346993,853
441.208,0.000568436,0.00295498,6.60366,0.184902,448
857.732,0.0011044,0.00574068,12.8999,0.361197,871
952.787,0.00122075,0.00634663,14.7915,0.414163,968
792.359,0.00101565,0.00528014,12.2904,0.344132,805
269.691,0.000345553,0.00179651,4.19001,0.11732,274
2681.1,0.00343502,0.0178581,41.7156,1.16804,2724
559.42,0.000721107,0.00374862,8.3417,0.233568,568
3882.88,0.00501023,0.0260442,57.4796,1.60943,3942
725.951,0.00093683,0.0048698,10.7427,0.300797,737
699.18,0.000900106,0.00467957,10.5198,0.294554,710
2211.97,0.00285005,0.0148152,33.086,0.926408,2246
794.683,0.00102289,0.0053175,11.9755,0.335314,807
939.439,0.00120923,0.00628611,14.1575,0.39641,954
168.316,0.000215778,0.00112181,2.60984,0.0730754,171
452.829,0.000581225,0.00302145,6.97257,0.195232,460
875.046,0.00112194,0.00583246,13.5672,0.379882,889
10562,0.0135285,0.0703318,164.288,4.60006,10731
467.825,0.000603124,0.00313475,6.97581,0.195323,475
811.651,0.00104745,0.00544457,12.0066,0.336185,824
242.289,0.000312402,0.00162391,3.60828,0.101032,246
436.272,0.000561988,0.00292144,6.54128,0.183156,443
610.532,0.000785781,0.00408511,9.20542,0.257752,620
607.615,0.000782453,0.00406754,9.1243,0.25548,617
514.059,0.000662077,0.00344148,7.72042,0.216172,522
287.452,0.000368987,0.00191825,4.42143,0.1238,292
460.718,0.000591545,0.00307504,7.08039,0.198251,468
409.535,0.000525852,0.00273367,6.28602,0.176009,416
428.239,0.000549908,0.00285888,6.57357,0.18406,435
1045.26,0.00133887,0.00696097,16.2714,0.455599,1062
242.141,0.0003104,0.00161389,3.75247,0.105069,246
568.363,0.000733562,0.00381308,8.39725,0.235123,577
1569.05,0.0020239,0.0105208,23.2875,0.65205,1593
618.586,0.000798253,0.00414949,9.15277,0.256278,628
1733.22,0.00223178,0.0116024,26.0343,0.728961,1760
2079.76,0.00267712,0.0139167,31.346,0.877689,2112
504.007,0.000646766,0.00336222,7.77187,0.217612,512
335.655,0.000430341,0.00223739,5.19707,0.145518,341
274.659,0.000352628,0.00183311,4.22111,0.118191,279
299.216,0.00038338,0.00199315,4.65104,0.130229,304
2316.89,0.00296759,0.0154283,36.0847,1.01037,2354
3945.87,0.00505437,0.0262771,61.3784,1.71859,4009
572.226,0.000737733,0.00383497,8.53096,0.238867,581
2797.54,0.00359971,0.0187127,42.2561,1.18317,2841
2205.78,0.00283908,0.0147584,33.2706,0.931577,2240
519.948,0.000669375,0.00347946,7.82887,0.219208,528
1010.43,0.0013017,0.00676665,15.1345,0.423767,1026
5885.83,0.00753847,0.0391906,91.5627,2.56376,5980
2864.21,0.00366837,0.0190712,44.5234,1.24665,2910
7143.68,0.0091494,0.0475664,111.155,3.11233,7258
605.321,0.000775614,0.00403209,9.41091,0.263505,615
2489.27,0.00319051,0.0165873,38.6273,1.08157,2529
1356.31,0.00173763,0.00903379,21.0855,0.590394,1378
927.544,0.00119303,0.00620193,14.0551,0.393543,942
632.179,0.000813503,0.00422884,9.54886,0.267368,642
573.141,0.000738047,0.00383663,8.61328,0.241172,582
12314.7,0.0158556,0.0824231,185.044,5.18124,12505
14474.6,0.0185388,0.0963791,224.985,6.29958,14706
775.596,0.000993431,0.00516478,12.0604,0.33769,788
359.254,0.000460186,0.00239253,5.58633,0.156417,365
1345.59,0.00172573,0.00897152,20.8177,0.582894,1367
329.733,0.000422564,0.00219695,5.12064,0.143378,335
8034.29,0.0102926,0.0535108,125.141,3.50395,8163
238.244,0.000306004,0.00159066,3.65138,0.102239,242
397.744,0.000511024,0.00265644,6.083,0.170324,404
527.855,0.00067987,0.0035342,7.91899,0.221732,536
516.067,0.000665131,0.00345717,7.71272,0.215956,524
492.399,0.000634154,0.00329659,7.39045,0.206933,500
9819.75,0.0125939,0.0654712,151.921,4.25379,9976
2965.76,0.00380292,0.0197705,45.9294,1.28602,3013
1810.03,0.00231806,0.0120507,28.1707,0.788778,1839
6313.02,0.00808509,0.0420324,98.1808,2.74906,6414
6357.33,0.00814183,0.0423279,98.856,2.76797,6459
1828.92,0.00234582,0.0121951,28.2703,0.791567,1858
732.333,0.000939019,0.00488174,11.3435,0.317617,744
623.072,0.000798916,0.00415336,9.65266,0.270274,633
206.716,0.000265196,0.0013786,3.1932,0.0894096,210
181.124,0.000232388,0.0012081,2.79675,0.0783089,184
1674.6,0.00215083,0.0111814,25.6646,0.71861,1701
273.677,0.000351367,0.00182671,4.20319,0.117689,278
1099.18,0.00141737,0.00736717,16.3546,0.457929,1116
851.864,0.0010973,0.0057039,12.7716,0.357605,865
2376.96,0.00304401,0.0158255,36.9829,1.03552,2415
6655.34,0.00852603,0.044325,103.704,2.90371,6762
133.868,0.000171674,0.000892591,2.07264,0.058034,136
2677.83,0.00343995,0.0178825,40.9969,1.14791,2720
4533.65,0.00581022,0.0302053,70.3404,1.96953,4606
340.579,0.000436748,0.00227045,5.27062,0.147577,346
458.681,0.000587982,0.0030565,7.11576,0.199241,466
356.488,0.000459408,0.00238826,5.35915,0.150056,362
409.749,0.000528938,0.0027496,6.07786,0.17018,416
3041.37,0.0039236,0.0203962,45.3384,1.26948,3088
641.162,0.000827184,0.00429972,9.56473,0.267812,651
1323.07,0.00170013,0.00883857,20.3495,0.569785,1344
453.795,0.000582678,0.00302904,7.00498,0.19614,461
307.113,0.000394219,0.00204919,4.75124,0.133035,312
271.777,0.000350031,0.00181929,4.1056,0.114957,276
294.378,0.000378589,0.00196775,4.49407,0.125834,299
10616.9,0.013661,0.0710142,161.469,4.52114,10783
5523.53,0.00710685,0.0369431,84.0686,2.35392,5610
4353.83,0.00560171,0.0291198,66.2766,1.85574,4422
619.261,0.000796349,0.00413975,9.46919,0.265137,629
9832.39,0.0126539,0.0657794,148.376,4.15454,9985
1535.96,0.00197456,0.010265,23.3722,0.654422,1560
381.023,0.000489734,0.00254558,5.81113,0.162712,387
2878.19,0.00371692,0.0193211,42.5985,1.19276,2922
167.432,0.000216018,0.00112295,2.49665,0.0699062,170
999.544,0.00128725,0.00669152,15.0276,0.420772,1015
1,0,0,0,0,1
589.756,0.000758719,0.00394447,8.98781,0.251659,599
720.738,0.000927491,0.00482158,10.9498,0.306594,732
449.033,0.000577992,0.00300451,6.77337,0.189654,456
225.479,0.000290167,0.00150861,3.42337,0.0958543,229
402.694,0.000517675,0.00269105,6.13154,0.171683,409
2248.91,0.00289254,0.0150366,34.1172,0.955282,2284
677.395,0.000870762,0.00452667,10.3107,0.2887,688
678.442,0.000872914,0.00453763,10.2655,0.287434,689
467.668,0.000601036,0.00312441,7.12888,0.199609,475
1414.97,0.00182016,0.00946202,21.4238,0.599868,1437
833.074,0.00107225,0.00557401,12.5674,0.351887,846
452.899,0.000582106,0.00302618,6.90402,0.193312,460
1071.32,0.00137843,0.00716529,16.2129,0.45396,1088
404.615,0.000519564,0.00270094,6.20753,0.173811,411
819.074,0.00105168,0.00546722,12.5677,0.351894,832
450.006,0.000579089,0.00301041,6.79973,0.190392,457
1178.31,0.00151195,0.00785998,18.1757,0.508919,1197
432.181,0.000554992,0.00288517,6.62987,0.185636,439
968.986,0.00124738,0.00648422,14.5975,0.40873,984
970.83,0.00124834,0.00648955,14.7489,0.412968,986
1141.02,0.00146533,0.00761787,17.4857,0.489601,1159
311.085,0.000399412,0.0020763,4.77919,0.133817,316
1073.12,0.00137858,0.00716664,16.409,0.459451,1090
841.61,0.00107945,0.00561172,13.0184,0.364514,855
540.479,0.000694125,0.00360844,8.28474,0.231973,549
1131.03,0.00145089,0.0075427,17.4765,0.489342,1149
2597.82,0.0033337,0.017331,40.0426,1.12119,2639
718.759,0.000924098,0.004804,10.9291,0.306014,730
3627.66,0.00465724,0.0242107,55.748,1.56094,3685
815.028,0.00104535,0.00543446,12.6119,0.353134,828
448.896,0.000576238,0.00299551,6.90739,0.193407,456
928.271,0.00119105,0.00619203,14.3207,0.40098,943
600.566,0.000771624,0.00401151,9.17227,0.256824,610
671.382,0.000861844,0.00448039,10.3233,0.289051,682
597.569,0.000767366,0.00398903,9.1696,0.256749,607
527.696,0.000677878,0.0035239,8.07339,0.226055,536
6769.03,0.00869055,0.0451778,104.006,2.91215,6876
3514.36,0.0045109,0.0234501,54.0979,1.51474,3570
496.185,0.000637333,0.0033131,7.5982,0.21275,504
576.926,0.000741205,0.00385322,8.82239,0.247027,586
772.859,0.000993003,0.00516228,11.8044,0.330523,785
753.175,0.000967847,0.00503141,11.497,0.321915,765
942.072,0.00120908,0.00628519,14.5144,0.406402,957
584.972,0.000753382,0.00391675,8.77757,0.245772,594
1222.46,0.00157823,0.0082037,18.0228,0.504638,1241
90.5997,0.000116706,0.00060667,1.36147,0.0381211,92
778.075,0.00100317,0.00521451,11.5943,0.324641,790
573.177,0.000738478,0.00383896,8.57832,0.240193,582
515.125,0.000664342,0.00345344,7.65654,0.214383,523
389.913,0.000501763,0.00260832,5.91814,0.165708,396
363.416,0.000468721,0.0024366,5.42955,0.152027,369
1507.63,0.00194205,0.010096,22.7239,0.636268,1531
678.65,0.000876148,0.00455452,10.0624,0.281747,689
267.865,0.00034536,0.00179509,4.02042,0.112572,272
405.765,0.000523372,0.0027205,6.06156,0.169724,412
321.008,0.000413435,0.00214906,4.85376,0.135905,326
503.162,0.000647819,0.0033677,7.62051,0.213374,511
696.103,0.000895596,0.0046556,10.5951,0.296664,707
433.195,0.000557104,0.00289625,6.61664,0.185266,440
313.099,0.000402845,0.00209421,4.76544,0.133432,318
498.106,0.000639729,0.00332586,7.67465,0.21489,506
3896.04,0.00502388,0.0261151,58.2991,1.63237,3956
558.322,0.000718896,0.00373702,8.43694,0.236234,567
1463.17,0.00188331,0.00978919,22.2002,0.621607,1486
257.057,0.000331579,0.0017235,3.83385,0.107348,261
722.824,0.000931504,0.00484254,10.8658,0.304243,734
230.452,0.000297145,0.00154491,3.44949,0.0965856,234
268.856,0.000346633,0.00180182,4.02882,0.112807,273
326.89,0.000420626,0.0021866,4.968,0.139104,332
862.439,0.00110899,0.00576509,13.1848,0.369174,876
1665.93,0.00214337,0.0111424,25.3444,0.709643,1692
268.808,0.000346008,0.00179876,4.07542,0.114112,273
345.611,0.000444962,0.00231292,5.23975,0.146713,351
487.346,0.000626733,0.00325795,7.44131,0.208357,495
747.421,0.000962986,0.00500603,11.2579,0.31522,759
1582.39,0.00203735,0.0105908,23.9277,0.669975,1607
350.599,0.000452065,0.00235007,5.25129,0.147036,356
391.957,0.000505434,0.00262714,5.87522,0.164506,398
109.295,0.000140704,0.000731435,1.65766,0.0464144,111
182.167,0.000234611,0.00121955,2.75454,0.0771271,185
129.981,0.000167455,0.000870523,1.9633,0.0549724,132
725.717,0.000934649,0.00485834,10.9701,0.307162,737
335.767,0.000432306,0.00224715,5.08751,0.14245,341
239.272,0.000308067,0.00160145,3.62495,0.101498,243
317.049,0.000408097,0.00212148,4.81326,0.134771,322
209.691,0.000269454,0.00140096,3.21706,0.0900778,213
546.5,0.000703632,0.00365773,8.26441,0.231403,555
362.343,0.000466344,0.00242415,5.49976,0.153993,368
523.906,0.000675328,0.00351024,7.86977,0.220354,532
1212.32,0.00156291,0.00812434,18.1602,0.508486,1231
149.635,0.000192285,0.000999721,2.29927,0.0643797,152
235.284,0.00030239,0.00157221,3.61258,0.101152,239
296.324,0.000380861,0.00198001,4.54675,0.127309,301
260.866,0.000335085,0.00174214,4.01981,0.112555,265
353.421,0.00045418,0.00236132,5.4246,0.151889,359
628.184,0.000808495,0.0042027,9.5439,0.267229,638
441.022,0.000566592,0.00294547,6.78429,0.18996,448
267.757,0.000343873,0.00178754,4.12536,0.11551,272
372.227,0.000479545,0.00249287,5.61271,0.157156,378
385.903,0.000495889,0.00257805,5.92769,0.165975,392
410.574,0.00052822,0.00274611,6.24752,0.174931,417
265.931,0.000343129,0.00178372,3.95601,0.110768,270
700.266,0.000903448,0.00469581,10.436,0.292207,711
240.237,0.000309043,0.00160635,3.65895,0.102451,244
163.443,0.000210279,0.00109311,2.48592,0.0696058,166
179.161,0.000230182,0.00119663,2.76035,0.0772898,182
107.294,0.000137789,0.00071631,1.65838,0.0464348,109
357.408,0.000459978,0.00239122,5.43655,0.152223,363
235.324,0.000302858,0.00157434,3.57429,0.10008,239
206.772,0.000266164,0.00138378,3.13841,0.0878755,210
439.097,0.00056456,0.00293502,6.71203,0.187937,446
432.224,0.000555904,0.00288998,6.58825,0.184471,439
279.61,0.00035956,0.00186935,4.26806,0.119506,284
2625.22,0.00337811,0.017561,39.6525,1.11027,2666
3711.52,0.00478958,0.0248977,54.9087,1.53744,3768
633.344,0.000817117,0.00424759,9.38818,0.262869,643
1588.4,0.00204464,0.0106285,23.9206,0.669777,1613
4024.69,0.00518093,0.0269325,60.5768,1.69615,4087
1224.02,0.00157545,0.00818973,18.4506,0.516617,1243
2367.06,0.00304584,0.0158342,35.9169,1.00567,2404
703.194,0.000906948,0.00471411,10.5061,0.294171,714
392.858,0.00050546,0.00262738,5.97119,0.167193,399
425.362,0.000547382,0.00284555,6.45407,0.180714,432
264.841,0.000340656,0.00177085,4.04327,0.113211,269
160.435,0.000205819,0.00106999,2.49422,0.0698383,163
288.411,0.000370216,0.00192467,4.46161,0.124925,293
277.593,0.000356392,0.00185283,4.2846,0.119969,282
168.361,0.000216605,0.00112608,2.56585,0.0718438,171
252.058,0.000324413,0.00168622,3.83242,0.107308,256
565.085,0.00072626,0.00377516,8.6676,0.242693,574
786.774,0.00101246,0.00526304,11.8868,0.332832,799
422.4,0.000543158,0.00282349,6.41659,0.179664,429
1218.15,0.00156839,0.00815297,18.3257,0.51312,1237
397.898,0.000513273,0.00266788,5.93284,0.166119,404
1434.92,0.0018503,0.00961793,21.4637,0.600985,1457
760.274,0.000979983,0.00509452,11.4011,0.31923,772
254.945,0.000327273,0.00170147,3.94262,0.110393,259
496.115,0.000637001,0.00331137,7.66678,0.21467,504
493.189,0.000633545,0.00329349,7.59439,0.212643,501
692.095,0.000889664,0.00462461,10.6027,0.296876,703
551.379,0.000709482,0.00368836,8.38169,0.234687,560
425.284,0.000546502,0.00284083,6.5299,0.182837,432
1554.77,0.00199974,0.0103956,23.5575,0.659609,1579
472.575,0.000607165,0.00315635,7.21896,0.202131,480
716.755,0.000921059,0.00478845,10.933,0.306125,728
272.803,0.000351814,0.00182871,4.08069,0.114259,277
426.387,0.000549301,0.00285539,6.42939,0.180023,433
273.64,0.000351147,0.00182549,4.23928,0.1187,278
1055.23,0.00135496,0.00704396,16.3003,0.456408,1072
233.311,0.000299768,0.00155856,3.58645,0.100421,237
385.876,0.000495532,0.00257607,5.95393,0.16671,392
125.048,0.000160974,0.000836888,1.8981,0.0531468,127
1579.48,0.00203456,0.010576,23.8359,0.667404,1604
593.732,0.000764313,0.00397298,9.01135,0.252318,603
1203.2,0.00154698,0.00804193,18.2808,0.511863,1222
1340.24,0.00172541,0.00896921,20.1814,0.565078,1361
3169.12,0.00408506,0.0212354,47.5282,1.33079,3218
4316.46,0.00557619,0.0289845,63.7165,1.78406,4382
3211.28,0.00414898,0.0215663,47.3722,1.32642,3260
7447,0.00962025,0.0500069,109.866,3.07626,7560
379.979,0.000488184,0.00253759,5.85381,0.163907,386
263.816,0.000338872,0.00176155,4.06814,0.113908,268
198.839,0.000255301,0.00132715,3.07368,0.086063,202
355.492,0.000458027,0.00238087,5.35519,0.149945,361
1797.57,0.00230939,0.0120056,27.6436,0.77402,1826
2869.65,0.00368684,0.0191661,44.096,1.23469,2915
925.684,0.00119197,0.00619645,13.9187,0.389724,940
419.457,0.000539497,0.00280445,6.36108,0.17811,426
1093.92,0.00140674,0.00731231,16.611,0.465107,1111
839.854,0.00107964,0.00561248,12.7819,0.357892,853
713.07,0.00092006,0.00478243,10.6269,0.297552,724
245.211,0.000316104,0.0016431,3.68432,0.103161,249
570.241,0.000735514,0.00382347,8.51587,0.238444,579
1029.57,0.00132107,0.0068677,15.9761,0.447331,1046
461.683,0.00059304,0.00308281,7.11385,0.199188,469
208.693,0.000268041,0.00139356,3.21579,0.0900422,212
578.878,0.000744117,0.00386853,8.86933,0.248341,588
201.867,0.000260038,0.00135162,3.04606,0.0852898,205
356.442,0.000458865,0.0023854,5.40427,0.15132,362
1232.99,0.00158829,0.00825602,18.4859,0.517605,1252
1468.2,0.00188937,0.00982149,22.1658,0.620643,1491
762.336,0.000983781,0.00511383,11.3402,0.317527,774
704.245,0.000909059,0.0047253,10.4564,0.29278,715
833.266,0.00107557,0.00559074,12.381,0.346667,846
574.119,0.000751403,0.003905,7.66146,0.214521,582
328.49,0.000429966,0.00223445,4.38453,0.122767,333
338.357,0.000442866,0.00230149,4.51415,0.126396,343
2976.11,0.0038952,0.020241,39.7525,1.11307,3017
1071.24,0.00140168,0.00728367,14.3495,0.401787,1086
241.58,0.0003149,0.00163665,3.32531,0.0931088,245
831.386,0.00108566,0.00564189,11.2907,0.316138,843
271.244,0.000354595,0.00184289,3.65164,0.102246,275
715.109,0.000934901,0.00485887,9.61633,0.269257,725
750.698,0.00098244,0.00510585,10.0156,0.280436,761
729.977,0.00095543,0.00496521,9.74382,0.272827,740
5148.09,0.00673691,0.0350048,68.9414,1.93036,5219
340.271,0.000444631,0.00231072,4.59733,0.128725,345
683.314,0.000890492,0.00462831,9.41665,0.263666,693
427.067,0.000557935,0.00289968,5.76825,0.161511,433
509.924,0.000666303,0.00346336,6.87936,0.192622,517
375.799,0.000491303,0.00255328,5.05619,0.141573,381
208.12,0.000272076,0.00141405,2.79982,0.0783951,211
409.331,0.000535143,0.00278121,5.51154,0.154323,415
610.566,0.000798419,0.00414936,8.19909,0.229575,619
404.396,0.000528635,0.00274733,5.44826,0.152551,410
216.99,0.000283596,0.00147393,2.92668,0.081947,220
1265.46,0.00165397,0.00859567,17.0539,0.47751,1283
614.481,0.000803162,0.00417409,8.28219,0.231901,623
670.651,0.000875759,0.004552,9.08932,0.254501,680
84.8254,0.000110903,0.000576338,1.14193,0.031974,86
158.805,0.000207643,0.00107924,2.13435,0.0597618,161
281.104,0.000367475,0.00190956,3.78755,0.106051,285
401.414,0.000524387,0.00272523,5.43094,0.152066,407
617.386,0.000806238,0.00419039,8.37408,0.234474,626
368.916,0.000482728,0.00250822,4.9425,0.13839,374
357.056,0.000466784,0.0024259,4.80685,0.134592,362
367.928,0.00048131,0.00250126,4.93076,0.138061,373
1908.59,0.00249507,0.0129675,25.677,0.718957,1935
325.473,0.000425185,0.00220984,4.40152,0.123242,330
1497.27,0.00195701,0.0101718,20.1579,0.56442,1518
893.521,0.0011666,0.00606309,12.1321,0.339699,906
492.218,0.000643831,0.00334625,6.59315,0.184608,499
650.049,0.000850682,0.00442051,8.70195,0.243655,659
1209.41,0.00158342,0.00822792,16.1243,0.45148,1226
2428.53,0.00317806,0.0165144,32.5367,0.911027,2462
345.236,0.000451517,0.00234672,4.6314,0.129679,350
305.765,0.000399647,0.0020772,4.11767,0.115295,310
451.727,0.000590317,0.00306776,6.09859,0.170761,458
353.111,0.000461581,0.00239908,4.75267,0.133075,358
532.633,0.000696609,0.00362003,7.16221,0.200542,540
1310.98,0.00171596,0.00891647,17.5178,0.490499,1329
449.81,0.000588616,0.00305896,6.01812,0.168507,456
488.289,0.000639109,0.00332111,6.52481,0.182695,495
4846.54,0.00634614,0.0329749,64.609,1.80905,4913
469.465,0.000613296,0.00318734,6.35357,0.1779,476
454.718,0.000594509,0.00309021,6.10683,0.170991,461
153.861,0.000201077,0.00104496,2.07968,0.0582312,156
482.328,0.000630552,0.00327728,6.48669,0.181627,489
518.848,0.000678843,0.00352758,6.95279,0.194678,526
787.185,0.00103024,0.005354,10.5144,0.294403,798
205.194,0.000268633,0.00139628,2.72802,0.0763846,208
18370.2,0.0240622,0.125035,243.831,6.82727,18621
1762.86,0.00230872,0.0119962,23.4727,0.657234,1787
2310.3,0.00302448,0.0157156,30.8216,0.863006,2342
8458,0.011081,0.0575691,112.769,3.15755,8574
156.817,0.000204882,0.00106464,2.12253,0.0594308,159
201.136,0.000261973,0.00136157,2.78488,0.0779767,204
804.715,0.00105022,0.00545819,10.9718,0.30721,816
3181.74,0.00416952,0.02167,42.0574,1.17761,3225
221.963,0.000290608,0.00151033,2.95298,0.0826836,225
423.135,0.000553139,0.00287461,5.70231,0.159665,429
359.067,0.000470118,0.00244291,4.79553,0.134275,364
958.778,0.00125418,0.00651718,12.8548,0.359934,972
4434.9,0.00580218,0.0301516,59.3975,1.66313,4496
5463.25,0.00716149,0.0372017,72.6711,2.03479,5538
1108.42,0.00144617,0.00751518,15.1472,0.424121,1124
881.674,0.00115118,0.00598246,11.9837,0.335543,894
1136.94,0.00148236,0.00770437,15.6124,0.437148,1153
274.263,0.00035925,0.00186709,3.63344,0.101736,278
601.799,0.000788372,0.00409727,7.97297,0.223243,610
164.755,0.000215805,0.00112153,2.18249,0.0611098,167
528.798,0.000692707,0.0036007,7.00204,0.196057,536
428.168,0.000560894,0.00291507,5.66978,0.158754,434
5531.17,0.00724171,0.0376312,73.7196,2.06415,5607
7379.38,0.00965696,0.0501793,98.7927,2.7662,7481
11953.9,0.0156498,0.0813186,159.515,4.46643,12118
2959.43,0.0038744,0.0201321,39.4424,1.10439,3000
352.165,0.000460961,0.00239568,4.70017,0.131605,357
376.626,0.000490431,0.00254878,5.22514,0.146304,382
4791.67,0.00625218,0.0324926,65.459,1.83285,4859
198.294,0.000259717,0.00134974,2.63046,0.0736529,201
367.973,0.000481888,0.00250445,4.88762,0.136853,373
1208.34,0.00158066,0.00821381,16.2,0.453601,1225
1478.68,0.00193567,0.0100576,19.7531,0.553087,1499
678.711,0.000888475,0.00461736,9.03062,0.252857,688
764.519,0.00100084,0.00520099,10.1897,0.285311,775
271.285,0.000355138,0.0018456,3.61122,0.101114,275
418.109,0.000545367,0.00283416,5.72771,0.160376,424
1097.6,0.00143241,0.00744389,14.9719,0.419214,1113
315.504,0.000410893,0.00213527,4.37109,0.12239,320
331.478,0.000434283,0.00225695,4.39583,0.123083,336
293.991,0.000385112,0.00200141,3.89774,0.109137,298
793.206,0.00103924,0.00540154,10.4937,0.293824,804
1463.1,0.00191702,0.0099641,19.3429,0.541602,1483
337.395,0.000441973,0.00229684,4.47678,0.12535,342
8238.83,0.0107713,0.0559742,110.994,3.10782,8353
20756.8,0.027195,0.141291,276.263,7.73537,21041
215.053,0.000281535,0.00146312,2.86492,0.0802178,218
286.073,0.000374412,0.00194586,3.8174,0.106887,290
750.502,0.000979772,0.00509183,10.2065,0.285783,761
386.561,0.000504289,0.00262073,5.28762,0.148053,392
253.462,0.000330953,0.0017201,3.43988,0.0963165,257
620.476,0.000812122,0.00422006,8.2871,0.232039,629
736.884,0.000964557,0.00501248,9.83463,0.27537,747
358.085,0.000468772,0.0024361,4.77789,0.133781,363
405.421,0.000530499,0.00275684,5.42403,0.151873,411
1474.72,0.00192955,0.0100272,19.7197,0.55215,1495
1633.6,0.00213858,0.0111135,21.776,0.609728,1656
487.31,0.000637728,0.00331439,6.50431,0.182121,494
462.648,0.000605522,0.00314681,6.17503,0.172901,469
596.696,0.00077949,0.00405095,8.0731,0.226047,605
371.79,0.000485276,0.0025221,5.06523,0.141827,377
375.85,0.000492118,0.00255741,5.00674,0.140189,381
286.077,0.000374487,0.00194623,3.814,0.106792,290
1911.82,0.00250301,0.0130077,25.4535,0.712698,1938
680.605,0.000890202,0.00462591,9.13391,0.255749,690
664.791,0.000868986,0.004516,8.95313,0.250688,674
424.186,0.000555221,0.00288568,5.65196,0.158255,430
235.771,0.000308693,0.00160418,3.13947,0.0879051,239
1634.9,0.00213157,0.0110772,22.4622,0.628943,1658
1212.78,0.00158009,0.00821247,16.7396,0.468709,1230
665.877,0.000871686,0.00453035,8.86891,0.248329,675
850.308,0.0011128,0.00578272,11.3666,0.318265,862
778.27,0.00101816,0.00529091,10.4315,0.292083,789
5573.81,0.00730417,0.037946,74.0717,2.07401,5650
1035.83,0.0013563,0.00704881,13.7765,0.385742,1050
1427.5,0.00186928,0.00971534,18.9622,0.53094,1447
351.029,0.000457493,0.0023779,4.83329,0.135332,356
2354.09,0.00307386,0.0159743,31.9904,0.895732,2387
543.559,0.000711656,0.00369841,7.23376,0.202545,551
505.075,0.000661134,0.00343546,6.73262,0.188513,512
650.025,0.000850176,0.00441797,8.72527,0.244308,659
956.792,0.00125153,0.00650334,12.8403,0.359527,970
449.825,0.000588706,0.00305968,6.00295,0.168083,456
575.116,0.000752827,0.00391248,7.66479,0.214614,583
1449.85,0.00189464,0.00984602,19.593,0.548605,1470
462.565,0.000604283,0.00314064,6.25611,0.175171,469
334.402,0.000437634,0.00227433,4.47055,0.125175,339
214.058,0.00028017,0.00145589,2.86006,0.0800816,217
304.813,0.000398916,0.0020732,4.07016,0.113964,309
473.504,0.000619719,0.00322049,6.31512,0.176823,480
978.615,0.00128136,0.00665921,13.0127,0.364356,992
1442,0.00188496,0.00979511,19.4427,0.544395,1462
10183.8,0.0133524,0.0693631,135.362,3.79015,10323
158.824,0.000207896,0.00108064,2.115,0.0592201,161
584.961,0.0007655,0.00397804,7.81536,0.21883,593
641.013,0.000836667,0.00434789,8.7368,0.24463,650
231.766,0.000302642,0.00157305,3.14418,0.0880372,235
290.927,0.000379761,0.00197385,3.95957,0.110868,295
213.04,0.000278424,0.00144702,2.87814,0.0805879,216
85.8113,0.000112193,0.000583096,1.15567,0.0323588,87
209.977,0.000273106,0.00141951,2.93898,0.0822913,213
185.347,0.000241287,0.00125407,2.57927,0.0722196,188
1,0,0,0,0,1
167.586,0.00021793,0.00113292,2.34671,0.065708,170
1073.76,0.00139931,0.00727229,14.8158,0.414841,1089
1733.25,0.00227207,0.0118028,23.0911,0.64655,1757
1454.07,0.00190572,0.00989993,19.3791,0.542614,1474
653.045,0.00085598,0.00444623,8.70588,0.243765,662
795.1,0.00104221,0.00541381,10.5965,0.296702,806
2192.98,0.00287468,0.0149325,29.1859,0.817205,2223
320.523,0.000418446,0.00217518,4.35263,0.121874,325
892.518,0.00116519,0.00605571,12.135,0.339779,905
219.961,0.000287603,0.00149497,2.95411,0.082715,223
190.338,0.000248494,0.00129159,2.58827,0.0724717,193
4858.59,0.0063697,0.0330893,64.5633,1.80777,4925
1471.84,0.00192847,0.0100192,19.6017,0.548846,1492
3209.1,0.00420711,0.0218567,42.6835,1.19514,3253
680.664,0.000892137,0.00463405,9.07667,0.254147,690
135.064,0.000175811,0.000913606,1.88202,0.0526964,137
1029.88,0.00134972,0.00701135,13.7308,0.384461,1044
856.275,0.00112234,0.00582999,11.3988,0.319168,868
2088.46,0.00273792,0.0142222,27.7418,0.776771,2117
1555.72,0.00203934,0.0105935,20.6877,0.579257,1577
821.743,0.00107706,0.00559474,10.9443,0.306439,833
1174.91,0.00154021,0.008,15.6418,0.437972,1191
949.971,0.00124519,0.00646811,12.667,0.354676,963
1388.02,0.00181963,0.00945187,18.4562,0.516775,1407
1907.88,0.00250006,0.0129881,25.3941,0.711034,1934
735.917,0.00096454,0.00501031,9.8026,0.274473,746
3561.28,0.0046692,0.0242544,47.3621,1.32614,3610
2016.44,0.0026434,0.013731,26.7964,0.750299,2044
915.459,0.00119994,0.00623324,12.1925,0.341389,928
598.787,0.000784754,0.00407657,7.98427,0.22356,607
2385.42,0.00312742,0.0162453,31.6739,0.886869,2418
1088.11,0.00142641,0.00740912,14.4735,0.405259,1103
2168.34,0.00284278,0.0147665,28.8316,0.807286,2198
802.009,0.00105126,0.00546071,10.6854,0.299192,813
706.32,0.000925817,0.00480898,9.41111,0.263511,716
323.497,0.000422575,0.00219635,4.37762,0.122573,328
2038.16,0.00267205,0.0138799,27.0679,0.7579,2066
758.611,0.000994224,0.00516484,10.1001,0.282804,769
580.05,0.000760304,0.00394913,7.7284,0.216395,588
1038.79,0.00136171,0.00707317,13.8154,0.386831,1053
931.258,0.00122071,0.00634086,12.3879,0.346861,944
1127.58,0.00147797,0.0076777,14.9938,0.419826,1143
3989.43,0.00523065,0.0271701,53.0506,1.48542,4044
1456.05,0.00190843,0.00991375,19.3947,0.543052,1476
1032.84,0.00135371,0.00703188,13.7682,0.385509,1047
2155.54,0.00282587,0.0146786,28.6431,0.802007,2185
4870.22,0.00637993,0.0331476,64.9252,1.8179,4937
3227.79,0.00423009,0.0219747,42.9808,1.20346,3272
828.662,0.00108618,0.00564245,11.023,0.308643,840
2892.35,0.00379136,0.0196939,38.5439,1.07923,2932
1653.34,0.00216709,0.0112576,22.0328,0.616919,1676
2404.05,0.00315097,0.0163685,32.0339,0.896949,2437
713.23,0.000934811,0.00485618,9.4979,0.265941,723
1652.39,0.00216629,0.0112532,21.9795,0.615425,1675
704.346,0.000923167,0.0047954,9.38521,0.262786,714
1146.3,0.00150261,0.00780529,15.262,0.427336,1162
844.416,0.00110669,0.00574898,11.2619,0.315332,856
3588.89,0.00470516,0.0244414,47.7467,1.33691,3638
1719.5,0.00225412,0.0117085,22.8453,0.639667,1743
1382.11,0.00181169,0.00941124,18.3629,0.514161,1401
2133.85,0.00279753,0.0145312,28.3405,0.793533,2163
943.092,0.00123624,0.0064214,12.5488,0.351366,956
689.55,0.000903811,0.00469491,9.18721,0.257242,699
879.962,0.00115344,0.00599151,11.7029,0.327681,892
2432.66,0.00318919,0.016566,32.4079,0.907422,2466
2696.15,0.00353492,0.0183615,35.8257,1.00312,2733
1601.11,0.00209899,0.0109029,21.2788,0.595808,1623
1644.45,0.00215534,0.011196,21.9225,0.61383,1667
2718.69,0.00356148,0.0185035,36.2715,1.0156,2756
2036.13,0.00266937,0.0138663,27.0971,0.75872,2064
691.523,0.000906409,0.00470849,9.21315,0.257968,701
782.276,0.00102532,0.00532616,10.4257,0.291921,793
1024.95,0.00134352,0.00697882,13.6579,0.382421,1039
2925.94,0.003836,0.019926,38.9417,1.09037,2966
805.96,0.00105643,0.00548751,10.7332,0.300529,817
1179.85,0.0015467,0.00803429,15.696,0.439487,1196
4997.5,0.00654672,0.0340142,66.5978,1.86474,5066
464.621,0.000608951,0.00316328,6.20118,0.173633,471
4006.24,0.00524566,0.0272595,53.237,1.49063,4061
6436.03,0.00841839,0.043746,86.498,2.42194,6525
2257.28,0.00294549,0.0153073,30.8417,0.863567,2289
2384.24,0.00312092,0.016217,31.8461,0.89169,2417
1589.25,0.00208327,0.0108216,21.1417,0.591968,1611
5972.3,0.00780756,0.0405755,80.3984,2.25116,6055
2700.59,0.00353055,0.018347,36.3732,1.01845,2738
3827.42,0.00499564,0.025964,52.0912,1.45855,3881
2669.67,0.00349761,0.0181778,35.3166,0.988866,2706
6974.56,0.00907077,0.0471446,97.6485,2.73416,7075
3649.05,0.00478419,0.0248512,48.5606,1.3597,3699
1650.33,0.00216032,0.0112255,22.0386,0.617082,1673
4428.29,0.00579805,0.0301285,59.02,1.65256,4489
762.549,0.000999536,0.0051919,10.1603,0.284489,773
1969.97,0.00257904,0.0134015,26.2747,0.735691,1997
357.093,0.000467423,0.00242872,4.77068,0.133579,362
288.042,0.000376954,0.00195897,3.84748,0.10773,292
3907.36,0.0051139,0.0265767,52.1499,1.4602,3961
643.157,0.000841697,0.00437429,8.59742,0.240728,652
523.798,0.000685578,0.00356221,7.00194,0.196054,531
1935.43,0.00253384,0.0131664,25.8298,0.723235,1962
1249.84,0.00163551,0.00849984,16.6813,0.467077,1267
1076.35,0.00141023,0.00732907,14.2391,0.398695,1091
1,0,0,0,0,1
1067.46,0.00139851,0.00726746,14.1387,0.395884,1082
574.157,0.000752053,0.00390808,7.62463,0.21349,582
1010.13,0.00132227,0.00687127,13.4868,0.37763,1024
451.788,0.000591314,0.00307257,6.03954,0.169107,458
692.481,0.000906357,0.00470996,9.25441,0.259124,702
744.856,0.000975627,0.00507083,9.86191,0.276133,755
174.614,0.000228682,0.00118856,2.31999,0.0649597,177
655.01,0.00085734,0.00445557,8.73997,0.244719,664
415.295,0.000543512,0.00282455,5.54626,0.155295,421
612.576,0.000801636,0.00416594,8.18946,0.229305,621
2352.73,0.00308035,0.016007,31.3715,0.878402,2385
1399.77,0.00183194,0.00951986,18.6956,0.523476,1419
513.941,0.000672565,0.00349543,6.86293,0.192162,521
700.375,0.00091661,0.00476319,9.35702,0.261997,710
902.619,0.00118154,0.00614031,12.0363,0.337016,915
949.634,0.00123882,0.00643874,12.995,0.363859,963
497.045,0.000648895,0.00337239,6.76189,0.189333,504
282.068,0.000368384,0.00191473,3.82315,0.107048,286
566.07,0.000738878,0.00384037,7.70935,0.215862,574
189.381,0.000247636,0.00128691,2.54595,0.0712866,192
322.554,0.000421928,0.00219297,4.32274,0.121037,327
99.619,0.000130245,0.000676879,1.34257,0.037592,101
596.318,0.000774395,0.00402539,8.44092,0.236346,605
346.045,0.000450356,0.00234096,4.81721,0.134882,351
312.482,0.000406216,0.0021113,4.39296,0.123003,317
1,0,0,0,0,1
187.36,0.000244413,0.00127014,2.56672,0.0718683,190
738.612,0.000963568,0.00500837,10.0995,0.282787,749
587.743,0.000766929,0.00398599,8.02724,0.224763,596
180.478,0.000235652,0.00122487,2.45194,0.0686542,183
198.231,0.000258819,0.00134526,2.69224,0.0753826,201
108.5,0.00014188,0.000737383,1.45788,0.0408207,110
146.951,0.000191946,0.000997637,1.99172,0.0557682,149
2026,0.00263686,0.013706,28.1923,0.789384,2055
415.972,0.000540506,0.00280961,5.86053,0.164095,422
723.588,0.000941164,0.00489177,10.1231,0.283446,734
334.306,0.000436187,0.0022672,4.5635,0.127778,339
393.483,0.000513636,0.0026695,5.36331,0.150173,399
464.525,0.000606719,0.00315328,6.2951,0.176263,471
372.822,0.000487194,0.00253196,5.03357,0.14094,378
1149.77,0.00149943,0.00779255,15.7802,0.441846,1166
5910.56,0.00771175,0.0400748,81.1213,2.2714,5994
834.178,0.0010876,0.00565221,11.4931,0.321806,846
1259.93,0.00163953,0.00852154,17.5661,0.491852,1278
150.858,0.000196576,0.00102175,2.08212,0.0582992,153
199.187,0.000259762,0.00135017,2.73451,0.0765664,202
263.304,0.000343584,0.00178579,3.59285,0.1006,267
517.796,0.00067638,0.00351575,7.00336,0.196094,525
421.128,0.000550024,0.00285881,5.70827,0.159832,427
460.484,0.000600307,0.00311989,6.33475,0.177373,467
572.876,0.000746613,0.00388036,7.89822,0.22115,581
257.33,0.00033514,0.00174175,3.56817,0.0999087,261
208.037,0.000270926,0.00140831,2.88066,0.0806586,211
256.389,0.000334426,0.00173815,3.51096,0.0983069,260
2298.72,0.00299952,0.0155906,31.3836,0.878741,2331
754.51,0.000985793,0.00512368,10.1981,0.285548,765
411.279,0.000537379,0.00279271,5.56167,0.155727,417
266.229,0.000346987,0.0018034,3.66642,0.10266,270
1492.98,0.00194737,0.0101214,20.44,0.572319,1514
500.912,0.000652949,0.0033937,6.89063,0.192938,508
220.873,0.000287865,0.00149624,3.04031,0.0851286,224
169.579,0.00022081,0.00114778,2.35383,0.0659072,172
209.062,0.000272767,0.00141773,2.85647,0.0799811,212
402.329,0.000524698,0.00272713,5.51352,0.154379,408
319.569,0.000417744,0.0021711,4.30809,0.120627,324
330.381,0.000431338,0.00224174,4.49012,0.125723,335
257.449,0.000336747,0.00175013,3.45227,0.0966635,261
335.228,0.0004366,0.00226929,4.63979,0.129914,340
781.967,0.00101984,0.00530031,10.726,0.300329,793
940.69,0.00122635,0.00637373,12.9398,0.362315,954
253.366,0.000329762,0.00171376,3.5332,0.0989297,257
273.155,0.000356349,0.00185216,3.73773,0.104656,277
808.625,0.00105486,0.005483,11.059,0.309652,820
344.239,0.000450075,0.00233908,4.62854,0.129599,349
904.502,0.00118272,0.00614679,12.1502,0.340204,917
140.987,0.000183545,0.000954076,1.95689,0.054793,143
726.687,0.000946982,0.00492172,10.0263,0.280736,737
407.207,0.000530419,0.00275697,5.63228,0.157704,413
193.25,0.000251745,0.00130841,2.67393,0.0748702,196
137.068,0.000178813,0.00092927,1.87813,0.0525876,139
348.108,0.000454202,0.00236053,4.75647,0.133181,353
262.354,0.00034283,0.00178189,3.54434,0.0992416,266
473.426,0.000618669,0.0032153,6.39133,0.178957,480
1884.26,0.00245554,0.0127617,25.9933,0.727812,1911
132.11,0.000171932,0.000893742,1.83783,0.0514591,134
1263.17,0.00164728,0.00856145,17.3314,0.485278,1281
308.618,0.0004021,0.00208994,4.26009,0.119283,313
149.858,0.000195124,0.00101397,2.08215,0.0583003,152
255.4,0.000333138,0.00173136,3.49963,0.0979898,259
284.995,0.000371833,0.00193268,3.89386,0.109028,289
434.902,0.00056764,0.0029502,5.92851,0.165998,441
631.198,0.000824356,0.00428475,8.55691,0.239594,640
704.167,0.00091974,0.00477968,9.55984,0.267676,714
618.185,0.000804952,0.00418391,8.56985,0.239956,627
293.804,0.000382555,0.00198826,4.07894,0.11421,298
278.025,0.000361989,0.00188129,3.86408,0.108194,282
275.091,0.00035842,0.00186299,3.80013,0.106404,279
1455.45,0.00189775,0.00986382,19.9751,0.559303,1476
1610.5,0.00210272,0.0109293,21.8782,0.612589,1633
682.426,0.000890565,0.00462882,9.30813,0.260628,692
716.093,0.000936157,0.00486607,9.63121,0.269674,726
239.663,0.000313098,0.00162737,3.24376,0.0908253,243
196.187,0.000255312,0.00132703,2.7347,0.0765716,199
147.863,0.000192192,0.00099915,2.07733,0.0581651,150
114.358,0.000148775,0.000773331,1.59609,0.0446904,116
131.139,0.000170898,0.000888188,1.80884,0.0506477,133
723.778,0.000943798,0.00490514,9.93796,0.278263,734
160.717,0.000209459,0.00108851,2.21955,0.0621475,163
775.371,0.00101629,0.00527894,10.3338,0.289347,786
143.969,0.000187766,0.000975939,1.97492,0.0552978,146
234.703,0.000306277,0.00159183,3.20574,0.0897606,238
638.277,0.000835778,0.00434398,8.48062,0.237457,647
317.616,0.000415356,0.00215881,4.26217,0.119341,322
532.713,0.000697482,0.00362511,7.08428,0.19836,540
524.769,0.000686503,0.003568,7.03009,0.196842,532
937.175,0.00122697,0.00637729,12.4686,0.34912,950
475.53,0.000623092,0.00323843,6.28979,0.176114,482
685.553,0.000896982,0.00466114,9.18461,0.257169,695
17586.6,0.0230512,0.119813,231.782,6.48991,17825
826.734,0.00108311,0.00562878,10.9529,0.306682,838
2616.1,0.00341429,0.0177408,35.872,1.00442,2653
680.444,0.000888011,0.00461478,9.28999,0.26012,690
1239.53,0.00161673,0.00840249,16.9823,0.475503,1257
289.916,0.000378214,0.00196556,3.97041,0.111171,294
561.302,0.000734595,0.00381836,7.48408,0.209554,569
244.632,0.000320106,0.00166351,3.27403,0.0916729,248
372.872,0.00048788,0.00253569,4.98491,0.139578,378
407.42,0.000533353,0.00277189,5.42485,0.151896,413
275.138,0.000359061,0.00186604,3.75497,0.105139,279
519.679,0.000677928,0.00352305,7.11744,0.199288,527
593.626,0.000774585,0.00402499,8.14173,0.227968,602
214.019,0.000279542,0.00145291,2.89843,0.0811561,217
1146.1,0.00149779,0.00778458,15.4594,0.432863,1162
530.502,0.000691701,0.00359515,7.28946,0.204105,538
397.48,0.000519403,0.00269966,5.36675,0.150269,403
374.724,0.000488727,0.00254017,5.12976,0.143633,380
378.67,0.000494,0.00256729,5.18204,0.145097,384
1845.71,0.00241606,0.0125577,24.5889,0.68849,1871
495.227,0.000648428,0.00337024,6.58496,0.184379,502
293.854,0.000383206,0.00199179,4.03092,0.112866,298
1395.32,0.00181964,0.0094573,19.1335,0.535737,1415
1182.4,0.00154287,0.00801899,16.1345,0.451765,1199
410.305,0.000536179,0.00278674,5.53691,0.155033,416
722.759,0.000942028,0.00489594,9.95593,0.278766,733
478.282,0.000624193,0.00324366,6.53123,0.182874,485
303.711,0.000395999,0.00205807,4.16997,0.116759,308
547.295,0.000713857,0.00371001,7.49087,0.209744,555
753.605,0.000985799,0.00512354,10.1063,0.282976,764
223.925,0.000293067,0.00152301,2.98906,0.0836936,227
335.265,0.000437234,0.00227228,4.60341,0.128895,340
423.988,0.000552491,0.00287173,5.8453,0.163668,430
299.754,0.000390675,0.00203043,4.1276,0.115573,304
540.428,0.000705405,0.00366636,7.36161,0.206125,548
1105.4,0.00144134,0.00749166,15.163,0.424564,1121
196.237,0.000255938,0.00133007,2.68627,0.0752156,199
748.415,0.000975653,0.00507111,10.2908,0.288141,759
711.928,0.000928157,0.00482347,9.79206,0.274178,722
419.26,0.00054898,0.00285293,5.58052,0.156255,425
537.562,0.000702847,0.00365265,7.23101,0.202468,545
579.013,0.000757317,0.00393573,7.76528,0.217428,587
1293.65,0.00168585,0.0087622,17.8385,0.499478,1312
2360.83,0.00307995,0.0160078,32.2476,0.902932,2394
861.777,0.00112301,0.00583645,11.8831,0.332726,874
236.672,0.000308747,0.00160471,3.23508,0.0905821,240
316.554,0.000413087,0.00214682,4.32225,0.121023,321
1220.56,0.00158902,0.00825836,16.957,0.474796,1238
1788.72,0.00233223,0.012121,24.5749,0.688097,1814
363.985,0.000476178,0.00247477,4.87567,0.136519,369
565.947,0.000737231,0.00383161,7.8294,0.219223,574
634.098,0.000827451,0.00430025,8.65492,0.242338,643
622.207,0.000811262,0.00421636,8.54817,0.239349,631
18133.4,0.0236675,0.123002,247.499,6.92996,18388
13401.1,0.0174783,0.0908472,183.658,5.14243,13590
180.533,0.000236426,0.00122879,2.39813,0.0671476,183
754.662,0.000987977,0.00513447,10.0501,0.281402,765
383.747,0.000502359,0.00261114,5.10669,0.142987,389
2061.89,0.00270062,0.0140363,27.3318,0.76529,2090
1562.55,0.00204455,0.0106272,20.8527,0.583875,1584
1035.84,0.00135629,0.00704989,13.7642,0.385399,1050
3285.13,0.00430186,0.0223596,43.6223,1.22142,3330
1458.15,0.00191052,0.00992944,19.2994,0.540383,1478
1495.91,0.00195217,0.0101438,20.4995,0.573985,1517
1934.73,0.00252518,0.013122,26.5137,0.742384,1962
1351.96,0.00176465,0.00916962,18.5123,0.518344,1371
2850.83,0.00372072,0.0193349,39.0543,1.09352,2891
1124.15,0.00146712,0.0076238,15.407,0.431395,1140
451.624,0.000589233,0.0030619,6.19881,0.173567,458
1227.7,0.0016022,0.00832563,16.8159,0.470845,1245
2052.11,0.00267846,0.0139181,28.0917,0.786568,2081
1551.13,0.00202446,0.01052,21.2587,0.595245,1573
725.769,0.000947084,0.00492117,9.94672,0.278508,736
2306.55,0.00301041,0.015644,31.5487,0.883363,2339
471.579,0.000617906,0.00321115,6.24256,0.174792,478
120.345,0.000157478,0.000818389,1.60859,0.0450406,122
508.001,0.000664426,0.00345334,6.80425,0.190519,515
1004.14,0.00131327,0.00682551,13.477,0.377356,1018
411.349,0.000538197,0.00279745,5.49371,0.153824,417
274.231,0.000358819,0.0018649,3.66411,0.102595,278
285.084,0.000373054,0.00193886,3.80735,0.106606,289
1062.04,0.00138597,0.0072015,14.54,0.40712,1077
962.436,0.00125592,0.00652647,13.1871,0.369237,976
762.257,0.000994766,0.0051693,10.444,0.292431,773
949.607,0.00123919,0.00643946,13.0208,0.364583,963
1481.11,0.0019328,0.0100432,20.305,0.568541,1502
654.757,0.000854392,0.00443953,8.98594,0.251606,664
546.293,0.00071278,0.00370391,7.4932,0.20981,554
1181.36,0.00154179,0.00801104,16.181,0.453069,1198
495.013,0.000645913,0.00335647,6.79235,0.190186,502
748.44,0.000976642,0.00507484,10.2665,0.287462,759
938.761,0.00122519,0.00636561,12.8712,0.360393,952
449.654,0.000586698,0.00304851,6.17009,0.172763,456
1446.6,0.00188805,0.0098103,19.8318,0.555291,1467
817.834,0.00107088,0.00556613,10.8551,0.303943,829
267.348,0.000350151,0.00181984,3.55049,0.0994137,271
657.969,0.00086114,0.00447544,8.77985,0.245836,667
233.776,0.000305776,0.00158915,3.13437,0.0877623,237
750.615,0.00098133,0.00510011,10.0962,0.282692,761
189.395,0.000247794,0.00128793,2.53231,0.0709047,192
687.626,0.000901094,0.00468297,9.11301,0.255164,697
809.584,0.00105651,0.0054897,11.0987,0.310763,821
2006.75,0.00261915,0.0136094,27.4663,0.769056,2035
814.52,0.00106288,0.00552292,11.1606,0.312498,826
705.058,0.000920057,0.00478092,9.66573,0.270641,715
1570.87,0.00205012,0.0106532,21.5102,0.602285,1593
951.571,0.00124159,0.00645177,13.0559,0.365565,965
980.191,0.00127912,0.00664666,13.4247,0.375892,994
912.147,0.00119027,0.0061849,12.4961,0.349891,925
1640.87,0.0021414,0.011127,22.4878,0.629659,1664
3819.15,0.00498444,0.0259011,52.3496,1.46579,3873
6706.72,0.00875318,0.0454883,91.6591,2.56646,6801
742.826,0.000972456,0.00505353,9.89089,0.276945,753
585.036,0.000766406,0.0039835,7.742,0.216776,593
469.501,0.000613741,0.00319009,6.3181,0.176907,476
481.374,0.000629826,0.00327326,6.44219,0.180381,488
365.953,0.000478636,0.0024876,4.90688,0.137393,371
570.198,0.000746467,0.00387993,7.58529,0.212388,578
252.545,0.000330668,0.00171851,3.35914,0.0940559,256
634.371,0.000831258,0.0043199,8.38912,0.234895,643
348.103,0.000454076,0.00236008,4.76129,0.133316,353
576.897,0.000752788,0.00391236,7.87743,0.220568,585
243.671,0.000319052,0.00165843,3.23617,0.0906128,247
870.172,0.00114017,0.00592609,11.4991,0.321974,882
6858.71,0.00898603,0.0467,90.6967,2.53951,6952
869.117,0.00113792,0.00591481,11.5524,0.323468,881
4296.72,0.00563092,0.029268,56.6631,1.58657,4355
371.888,0.000486596,0.00252909,4.96984,0.139156,377
1133.54,0.00148503,0.007718,15.0271,0.420759,1149
268.343,0.000351539,0.00182712,3.55494,0.0995383,272
353.174,0.000462502,0.0024038,4.69216,0.13138,358
285.073,0.000372981,0.00193827,3.81735,0.106886,289
2002.88,0.00261391,0.0135847,27.3348,0.765375,2031
923.083,0.00120502,0.00626302,12.558,0.351625,936
975.716,0.00127811,0.00664348,12.9143,0.3616,989
314.692,0.000411964,0.0021412,4.18847,0.117277,319
1382.17,0.00181046,0.00940981,18.3109,0.512704,1401
959.923,0.00125773,0.00653667,12.7134,0.355976,973
557.413,0.000730349,0.00379555,7.37616,0.206533,565
348.25,0.00045624,0.00237108,4.6174,0.129287,353
487.179,0.00063593,0.00330511,6.63131,0.185677,494
293.881,0.000383568,0.00199333,4.0047,0.112132,298
738.942,0.000968079,0.0050314,9.77825,0.273791,749
2112.34,0.00276858,0.0143904,27.8635,0.780178,2141
1548.91,0.00202913,0.0105459,20.5082,0.574229,1570
823.783,0.00107902,0.00560807,10.9055,0.305353,835
1787.47,0.00233946,0.0121587,23.851,0.667829,1812
380.789,0.000498615,0.00259145,5.06622,0.141854,386
1469.93,0.00192498,0.0100051,19.5078,0.546219,1490
696.43,0.000911287,0.00473603,9.30351,0.260498,706
322.469,0.000420739,0.00218662,4.40464,0.12333,327
462.531,0.000603868,0.00313873,6.28871,0.176084,469
432.109,0.000565981,0.00294184,5.72706,0.160358,438
659.956,0.000864013,0.00449048,8.79208,0.246178,669
473.472,0.000619279,0.00321851,6.34656,0.177704,480
1609.12,0.00210828,0.0109571,21.276,0.595727,1631
505.102,0.00066152,0.00343804,6.70572,0.18776,512
429.12,0.000561654,0.00291936,5.71694,0.160074,435
451.79,0.000591135,0.00307226,6.03756,0.169052,458
174.594,0.000228381,0.00118694,2.33936,0.0655022,177
4571.55,0.00596669,0.0310048,62.6575,1.75441,4636
358.977,0.000468627,0.00243573,4.88345,0.136737,364
409.257,0.000534177,0.00277606,5.58351,0.156338,415
450.838,0.000590408,0.00306868,5.99064,0.167738,457
412.335,0.000539613,0.00280454,5.50707,0.154198,418
830.619,0.00108741,0.00565177,11.0643,0.309801,842
113.441,0.000148436,0.000771463,1.51587,0.0424443,115
1783.74,0.00233691,0.0121468,23.589,0.660493,1808
712.279,0.000933179,0.00484945,9.45039,0.264611,722
349.221,0.000457338,0.00237668,4.64622,0.130094,354
491.286,0.000643381,0.00334367,6.52737,0.182766,498
406.276,0.000529942,0.00275407,5.56449,0.155806,412
420.084,0.000548026,0.00284806,5.75147,0.161041,426
1668.6,0.00217763,0.0113176,22.7449,0.636857,1692
418.269,0.000547603,0.00284581,5.57198,0.156016,424
141.053,0.000184495,0.000958765,1.89299,0.0530038,143
346.218,0.000452741,0.002353,4.64943,0.130184,351
369.961,0.00048463,0.00251879,4.89895,0.137171,375
649.164,0.000850455,0.00442016,8.59015,0.240524,658
1064.49,0.00139453,0.0072476,14.1031,0.394887,1079
696.456,0.000911756,0.00473884,9.27873,0.259805,706
684.564,0.000895479,0.0046534,9.17402,0.256873,694
92.7009,0.000120952,0.000628736,1.263,0.035364,94
321.524,0.000420036,0.00218283,4.35113,0.121832,326
262.332,0.000342496,0.00178006,3.56594,0.0998463,266
368.901,0.000482377,0.00250682,4.95747,0.138809,374
303.694,0.000395811,0.00205723,4.18659,0.117224,308
485.177,0.000632913,0.00328958,6.63291,0.185721,492
372.901,0.000488286,0.00253777,4.95741,0.138807,378
368.962,0.000483221,0.00251138,4.89801,0.137144,374
566.197,0.00074056,0.00384894,7.58557,0.212396,574
188.429,0.000246852,0.00128285,2.4994,0.0699831,191
225.914,0.000295879,0.00153784,2.99999,0.0839998,229
435.069,0.000569999,0.00296196,5.76571,0.16144,441
542.351,0.000707205,0.00367566,7.43607,0.20821,550
1668.37,0.00217442,0.0113014,22.9704,0.643172,1692
436.87,0.000570127,0.00296304,5.95998,0.166879,443
1038.85,0.00136087,0.00707309,13.7539,0.38511,1053
183.496,0.000240259,0.00124887,2.43478,0.0681738,186
657.594,0.000855865,0.00444874,9.14439,0.256043,667
263.406,0.000345097,0.00179338,3.49384,0.0978274,267
178.452,0.000232327,0.00120756,2.4769,0.0693532,181
224.93,0.000294602,0.0015312,2.98454,0.0835671,228
940.55,0.00122432,0.00636358,13.0767,0.366146,954
1246.1,0.00162102,0.0084254,17.4022,0.487262,1264
347.116,0.000452913,0.00235363,4.74845,0.132957,352
7233.46,0.00945271,0.0491218,97.7455,2.73687,7334
1057.85,0.00137686,0.00715592,14.7301,0.412443,1073
4887.65,0.00640597,0.0332981,64.509,1.80625,4954
194.354,0.000254635,0.00132328,2.57251,0.0720303,197
384.758,0.000504136,0.0026199,5.0959,0.142685,390
1517.39,0.00197588,0.0102708,21.0077,0.588215,1539
167.716,0.000219695,0.00114186,2.22014,0.0621638,170
176.596,0.000231313,0.00120241,2.33756,0.0654518,179
256.505,0.000336021,0.0017465,3.39808,0.0951462,260
1,0,0,0,0,1
859.328,0.00112614,0.00585308,11.3473,0.317723,871
1065.51,0.00139634,0.0072567,14.0828,0.39432,1080
10680.8,0.0139937,0.0727351,141.18,3.95304,10826
4202.4,0.0055007,0.0285894,56.0026,1.56807,4260
100.629,0.000131813,0.000684999,1.3333,0.0373323,102
1026.5,0.00133841,0.0069556,14.0972,0.394722,1041
210.026,0.000273741,0.00142285,2.89159,0.0809646,213
254.535,0.000333498,0.00173306,3.36857,0.09432,258
407.449,0.000534021,0.00277499,5.39611,0.151091,413
81.8842,0.000107294,0.00055754,1.08476,0.0303732,83
276.244,0.000361914,0.00188112,3.65174,0.102249,280
648.178,0.000849378,0.00441437,8.57697,0.240155,657
150.936,0.000197637,0.00102716,2.00662,0.0561855,153
967.809,0.00126749,0.00658849,12.8242,0.359076,981
252.559,0.000330854,0.00171953,3.34513,0.0936636,256
344.306,0.000450993,0.00234404,4.56368,0.127783,349
306.825,0.000402072,0.00208944,4.05909,0.113655,311
179.543,0.000235083,0.00122179,2.38857,0.0668799,182
460.715,0.000603371,0.003136,6.11043,0.171092,467
1821.28,0.00238693,0.0124054,24.0365,0.673021,1846
139.104,0.000182196,0.000946972,1.84317,0.0516088,141
428.159,0.00056079,0.00291467,5.67826,0.158991,434
340.361,0.00044586,0.00231729,4.50995,0.126279,345
161.794,0.000211981,0.00110168,2.14456,0.0600476,164
256.5,0.00033605,0.00174637,3.40257,0.095272,260
363.056,0.000475624,0.00247183,4.80602,0.134569,368
235.78,0.000308826,0.00160491,3.13015,0.0876443,239
390.674,0.00051183,0.00266006,5.17811,0.144987,396
175.606,0.000230005,0.00119542,2.32744,0.0651683,178
552.478,0.000723723,0.00376172,7.31314,0.204768,560
111.479,0.000146007,0.0007587,1.47848,0.0413975,113
1601.25,0.00209847,0.0109058,21.1438,0.592027,1623
474.533,0.000621654,0.00323048,6.2874,0.176047,481
267.357,0.000350284,0.00182048,3.54165,0.0991663,271
222.957,0.000292037,0.00151761,2.9582,0.0828297,226
405.467,0.000531011,0.00275981,5.37886,0.150608,411
304.846,0.000399371,0.00207569,4.03872,0.113084,309
568.253,0.000744338,0.00386863,7.53134,0.210878,576
275.248,0.000360592,0.00187396,3.64726,0.102123,279
171.647,0.000224698,0.0011678,2.28712,0.0640394,174
134.164,0.000175623,0.000912853,1.78513,0.0499835,136
228.878,0.000299801,0.00155813,3.03483,0.0849751,232
237.758,0.000311472,0.00161875,3.15178,0.0882499,241
3085.03,0.00404205,0.0210082,40.7989,1.14237,3127
658.017,0.000861663,0.00447837,8.73292,0.244522,667
144.035,0.000188686,0.00098057,1.9101,0.0534827,146
151.927,0.000199023,0.00103423,2.01554,0.0564351,154
774.456,0.00101465,0.00527348,10.251,0.287027,785
175.605,0.000230035,0.0011955,2.32882,0.0652069,178
839.563,0.00109987,0.00571626,11.1189,0.311329,851
428.166,0.000560949,0.00291539,5.67131,0.158797,434
935.294,0.00122554,0.00636952,12.3527,0.345876,948
1955.2,0.00255919,0.0133013,26.0522,0.729461,1982
317.674,0.00041618,0.00216291,4.20523,0.117747,322
783.355,0.00102646,0.0053352,10.3491,0.289774,794
280.182,0.000367006,0.00190747,3.71219,0.103941,284
228.878,0.000299795,0.00155797,3.03541,0.0849914,232
351.157,0.000459396,0.00238711,4.70803,0.131825,356
568.179,0.000743477,0.00386341,7.60328,0.212892,576
771.405,0.00100968,0.00524642,10.3004,0.28841,782
861.148,0.00112656,0.00585532,11.5223,0.322624,873
703.311,0.000919945,0.00478081,9.41912,0.263735,713
839.476,0.00109873,0.00571054,11.2033,0.313692,851
588.9,0.000770442,0.00400434,7.87449,0.220486,597
4313.4,0.00562815,0.0292517,58.9112,1.64951,4374
2565.26,0.00335106,0.0174143,34.7496,0.97299,2601
733.691,0.000957261,0.00497509,10.0227,0.280636,744
149.88,0.000195384,0.0010155,2.06149,0.0577219,152
508.816,0.000663417,0.00344818,6.98473,0.195572,516
4578.33,0.00599514,0.0311538,60.9232,1.70585,4641
311.696,0.000407689,0.00211848,4.18411,0.117155,316
762.519,0.000997753,0.00518554,10.1893,0.285301,773
423.073,0.000552205,0.00287,5.76245,0.161349,429
250.437,0.000326282,0.00169552,3.46437,0.0970025,254
744.484,0.000970685,0.00504485,10.2239,0.286268,755
610.322,0.000795064,0.0041321,8.43723,0.236243,619
892.702,0.00116777,0.00606936,11.9556,0.334758,905
381.616,0.000497621,0.00258642,5.23473,0.146572,387
5063.18,0.00659799,0.0342903,69.8253,1.95511,5135
3726.51,0.00487381,0.025327,50.0572,1.4016,3778
730.962,0.000956871,0.00497207,9.75849,0.273238,741
690.422,0.000902325,0.00468962,9.31147,0.260721,700
976.488,0.00127684,0.00663523,13.1366,0.367824,990
1720.05,0.00224709,0.0116784,23.2804,0.65185,1744
2718.44,0.00354267,0.0184118,37.492,1.04978,2757
517.74,0.000675805,0.00351184,7.0586,0.197641,525
302.721,0.000394706,0.00205141,4.16024,0.116487,307
284.123,0.000372116,0.00193394,3.76956,0.105548,288
566.279,0.00074179,0.003855,7.50579,0.210162,574
471.51,0.000616888,0.00320571,6.30944,0.176664,478
1433.29,0.00187565,0.0097464,19.1593,0.53646,1453
610.5,0.000797524,0.00414494,8.2635,0.231378,619
240.647,0.000314336,0.0016337,3.25976,0.0912732,244
1148.98,0.00150074,0.00779884,15.5748,0.436094,1165
982.29,0.00128274,0.00666657,13.3291,0.373214,996
8798.83,0.0114858,0.059691,119.749,3.35298,8922
574.162,0.00075203,0.00390806,7.61955,0.213347,582
306.811,0.000401823,0.00208835,4.07277,0.114037,311
337.395,0.000441845,0.00229633,4.4768,0.12535,342
795.144,0.00104139,0.00541165,10.554,0.295513,806
491.295,0.000643324,0.00334361,6.51897,0.182531,498
526.783,0.000689572,0.00358398,7.01638,0.196459,534
324.542,0.000424684,0.00220714,4.33403,0.121353,329
335.322,0.000437969,0.00227614,4.54751,0.12733,340
1383.7,0.00180715,0.0093921,18.7627,0.525355,1403
2669.11,0.00349023,0.0181379,35.8602,1.00409,2706
681.338,0.00088786,0.00461462,9.39356,0.26302,691
1225.84,0.00160034,0.00831725,16.6786,0.467,1243
339.361,0.000444364,0.00230942,4.51032,0.126289,344
349.235,0.000457426,0.00237731,4.6324,0.129707,354
736.93,0.000964876,0.00501467,9.7896,0.274109,747
1282.53,0.00168014,0.00873207,16.9846,0.475569,1300
728.067,0.000953585,0.00495572,9.65706,0.270398,738
617.506,0.000807911,0.0041987,8.25819,0.231229,626
221.951,0.000290474,0.0015095,2.96393,0.0829901,225
339.256,0.000442934,0.00230192,4.61201,0.129136,344
715.065,0.000934339,0.00485613,9.65855,0.270439,725
617.332,0.000805538,0.00418651,8.4269,0.235953,626
587.746,0.0007669,0.00398559,8.02423,0.224679,596
343.302,0.000449453,0.00233598,4.56737,0.127886,348
355.139,0.000464965,0.00241653,4.72605,0.132329,360
545.482,0.000713597,0.00370842,7.30914,0.204656,553
239.708,0.000313681,0.00163031,3.20059,0.0896164,243
1066.25,0.00139395,0.00724472,14.3351,0.401383,1081
584.854,0.000763882,0.00397026,7.91944,0.221744,593
4551.92,0.00595019,0.0309223,61.3258,1.71712,4615
507.017,0.000663297,0.00344725,6.78899,0.190092,514
204.177,0.000266964,0.00138744,2.74498,0.0768596,207
291.022,0.000381051,0.00198039,3.86732,0.108285,295
444.897,0.000582305,0.00302643,5.93302,0.166124,451
1165.91,0.00152489,0.00792488,15.6383,0.437873,1182
858.197,0.00112294,0.00583604,11.4751,0.321303,870
368.842,0.000481512,0.00250256,5.01505,0.140421,374
800.856,0.00104625,0.00543766,10.8343,0.303361,812
417.249,0.000545734,0.00283621,5.59111,0.156551,423
212.071,0.000277315,0.00144129,2.84758,0.0797322,215
621.519,0.000813992,0.00423026,8.24549,0.230874,630
346.263,0.000453397,0.00235633,4.60516,0.128945,351
1798.59,0.00235748,0.0122526,23.7313,0.664478,1823
277.189,0.000362674,0.00188481,3.70492,0.103738,281
530.713,0.000694529,0.00360965,7.08406,0.198354,538
871.913,0.00113954,0.00592228,11.7509,0.329025,884
4194.35,0.00547678,0.0284633,57.0225,1.59663,4253
467.545,0.000611506,0.00317786,6.27549,0.175714,474
1928.44,0.00252247,0.0131093,25.8174,0.722888,1955
495.247,0.000648657,0.0033712,6.56538,0.183831,502
530.735,0.00069481,0.00361091,7.0628,0.197758,538
831.523,0.00108756,0.00565217,11.1579,0.312421,843
663.873,0.000868618,0.00451447,8.87322,0.24845,673
834.629,0.0010935,0.00568317,11.0543,0.30952,846
621.301,0.000811033,0.00421493,8.45715,0.2368,630
159.759,0.000208498,0.00108367,2.17894,0.0610104,162
608.488,0.000794392,0.00412867,8.27525,0.231707,617
344.244,0.000450169,0.00233953,4.62332,0.129453,349
332.408,0.000434712,0.00225914,4.46397,0.124991,337
589.877,0.00077161,0.00401045,7.89707,0.221118,598
546.455,0.0007146,0.00371351,7.33507,0.205382,554
360.086,0.000471578,0.00245085,4.77708,0.133758,365
536.66,0.000702698,0.00365193,7.13584,0.199804,544
308.797,0.000404555,0.00210258,4.08587,0.114404,313
209.152,0.000273994,0.00142409,2.76855,0.0775193,212
1,0,0,0,0,1
590.968,0.000774346,0.00402476,7.80891,0.21865,599
1034.75,0.00135379,0.00703547,13.8497,0.387793,1049
440.932,0.000576919,0.00299823,5.8989,0.165169,447
221.967,0.000290723,0.00151089,2.94848,0.0825574,225
170.672,0.000223534,0.00116166,2.26335,0.0633737,173
234.797,0.000307542,0.00159839,3.11412,0.0871953,238
444.6,0.000578196,0.00300521,6.22202,0.174217,451
1117.68,0.00145081,0.00754104,15.8643,0.444201,1134
307.37,0.000397311,0.00206524,4.50124,0.126035,312
422.657,0.000546504,0.00284072,6.16717,0.172681,429
397.217,0.000515761,0.00268077,5.62259,0.157433,403
2112.62,0.00274771,0.014282,29.5329,0.826921,2143
1,0,0,0,0,1
304.408,0.000393455,0.00204497,4.4647,0.125012,309
348.818,0.000451711,0.00234787,5.0377,0.141056,354
458.257,0.000594261,0.00308855,6.55594,0.183566,465
210.891,0.000273398,0.00142117,3.02233,0.0846252,214
1874.5,0.00243156,0.0126388,26.7376,0.748652,1902
928.624,0.00120755,0.00627623,13.0039,0.36411,942
778.713,0.00101178,0.0052586,10.9731,0.307248,790
340.87,0.000440661,0.00229058,4.9875,0.13965,346
206.936,0.000268169,0.00139366,2.97877,0.0834055,210
142.841,0.000184549,0.000959295,2.09912,0.0587754,145
87.7187,0.000113853,0.000591779,1.2457,0.0348797,89
1345.24,0.00174448,0.00906752,19.2104,0.537892,1365
408.004,0.000529049,0.00275,5.82997,0.163239,414
675.038,0.000874887,0.00454736,9.68514,0.271184,685
203.026,0.000263392,0.00136896,2.89158,0.0809644,206
237.556,0.000308649,0.00160415,3.34804,0.0937452,241
223.739,0.000290556,0.00150999,3.17065,0.0887783,227
809.856,0.00104729,0.00544366,11.8074,0.330606,822
259.131,0.000335326,0.00174286,3.76112,0.105311,263
323.258,0.000419322,0.00217937,4.61065,0.129098,328
341.907,0.000442537,0.00230038,4.95198,0.138656,347
450.305,0.000583039,0.00303043,6.50912,0.182255,457
202.05,0.000262283,0.00136324,2.8681,0.0803069,205
385.223,0.000498177,0.00258928,5.61668,0.157267,391
1346.9,0.00174295,0.00905968,19.5401,0.547122,1367
390.165,0.00050476,0.0026237,5.67303,0.158845,396
796.174,0.00103101,0.00535879,11.498,0.321943,808
356.76,0.00046266,0.00240485,5.09481,0.142655,362
296.632,0.000384608,0.00199903,4.24667,0.118907,301
265.038,0.000342885,0.0017824,3.852,0.107856,269
428.637,0.000555076,0.00288548,6.18603,0.173209,435
419.717,0.000542863,0.00282181,6.10864,0.171042,426
202.957,0.000262532,0.00136437,2.95815,0.0828282,206
301.674,0.000392607,0.00204015,4.20606,0.11777,306
426.688,0.000552893,0.00287348,6.13716,0.17184,433
464.05,0.000600193,0.00311968,6.75752,0.189211,471
84.7439,0.000109762,0.000570567,1.22122,0.0341942,86
355.789,0.000461637,0.00239948,5.0666,0.141865,361
525.31,0.000681689,0.00354281,7.47624,0.209335,533
2246.86,0.00291231,0.0151372,32.2241,0.902276,2280
243.344,0.000314582,0.00163526,3.55434,0.0995215,247
166.556,0.000216087,0.00112308,2.3761,0.0665307,169
332.217,0.000431967,0.00224532,4.65053,0.130215,337
467.192,0.00060665,0.00315296,6.61867,0.185323,474
500.755,0.000650749,0.00338241,7.0438,0.197226,508
485.054,0.000631262,0.00328077,6.75271,0.189076,492
200.136,0.000260458,0.00135369,2.78439,0.0779629,203
210.954,0.000274185,0.00142536,2.96116,0.0829124,214
120.266,0.000156394,0.000812721,1.68616,0.0472124,122
692.824,0.000898542,0.00467047,9.89332,0.277013,703
243.407,0.000315476,0.00163965,3.49372,0.0978242,247
269.102,0.00034971,0.00181742,3.7901,0.106123,273
1219.43,0.00158568,0.00824167,17.0836,0.478342,1237
656.532,0.000853614,0.00443659,9.20465,0.25773,666
240.568,0.000313247,0.00162789,3.33644,0.0934203,244
200.123,0.000260359,0.00135307,2.79666,0.0783065,203
289.765,0.000376081,0.00195471,4.11723,0.115283,294
1235.04,0.001604,0.00833682,17.4589,0.48885,1253
1244.2,0.00161918,0.00841602,17.3098,0.484675,1262
413.754,0.00053467,0.00277894,6.07251,0.17003,420
491.73,0.000637225,0.00331225,7.06788,0.197901,499
2928.05,0.0037986,0.0197431,41.756,1.16917,2971
557.01,0.000724823,0.00376704,7.76765,0.217494,565
696.803,0.000904266,0.00470002,9.91356,0.27758,707
2086.65,0.00271003,0.0140859,29.5073,0.826205,2117
846.303,0.00109447,0.00568915,12.3448,0.345654,859
425.633,0.000550737,0.00286271,6.19066,0.173338,432
173.398,0.000224271,0.00116577,2.52995,0.0708386,176
1228.46,0.00158733,0.00825069,18.0209,0.504585,1247
2093.46,0.00270576,0.0140632,30.6637,0.858583,2125
5850.09,0.00756361,0.0393126,85.4691,2.39314,5938
790.098,0.00102127,0.005308,11.5721,0.324019,802
779.26,0.00100723,0.00523503,11.4138,0.319585,791
232.489,0.000300391,0.00156146,3.41355,0.0955793,236
2518.12,0.00325538,0.0169199,36.8258,1.03112,2556
347.755,0.000449449,0.00233587,5.09939,0.142783,353
265,0.000342462,0.00177985,3.88856,0.10888,269
5523.89,0.00713963,0.0371106,80.8056,2.26256,5607
228.639,0.000296497,0.00154132,3.26726,0.0914833,232
502.511,0.000650396,0.00338089,7.28148,0.203881,510
523.441,0.000680357,0.00353625,7.3494,0.205783,531
1751.37,0.00227261,0.0118126,24.9168,0.697671,1777
332.148,0.000431142,0.00224083,4.71753,0.132091,337
254.27,0.000329904,0.0017146,3.62631,0.101537,258
750.212,0.000975863,0.00507209,10.4878,0.293659,761
845.263,0.00109256,0.00567862,12.3833,0.346731,858
1637.36,0.00211655,0.011001,23.9568,0.670792,1662
869.891,0.00112436,0.00584415,12.7448,0.356855,883
2681.64,0.00346651,0.0180171,39.2374,1.09865,2722
2376.23,0.0030716,0.0159647,34.7773,0.973765,2412
1120.13,0.001448,0.00752623,16.3985,0.459159,1137
1076.79,0.00139186,0.00723434,15.7557,0.441161,1093
929.996,0.00120212,0.00624809,13.6158,0.381242,944
978.274,0.00126455,0.00657249,14.3171,0.400879,993
751.677,0.000971572,0.0050498,11.0089,0.308249,763
515.414,0.000668417,0.00347412,7.37554,0.206515,523
659.347,0.000855565,0.00444702,9.38527,0.262788,669
716.518,0.000929727,0.0048329,10.191,0.285349,727
598.31,0.000777225,0.00403968,8.44908,0.236574,607
832.936,0.00108225,0.00562515,11.7287,0.328402,845
324.344,0.000421957,0.00219351,4.52629,0.126736,329
502.429,0.000649355,0.00337518,7.36134,0.206118,510
295.541,0.000381922,0.00198527,4.33515,0.121384,300
482.723,0.000623937,0.00324286,7.07457,0.198088,490
836.402,0.00108109,0.00561918,12.2487,0.342963,849
534.938,0.000691394,0.00359349,7.83813,0.219468,543
1048.2,0.00135489,0.00704209,15.3581,0.430026,1064
1497.45,0.0019357,0.0100605,21.9281,0.613987,1520
1336.87,0.00172813,0.00898174,19.5672,0.547882,1357
799.955,0.00103404,0.00537439,11.711,0.327907,812
296.528,0.000383229,0.00199172,4.34782,0.121739,301
584.2,0.000755018,0.00392463,8.55559,0.239557,593
730.986,0.000944747,0.00491059,10.7085,0.299838,742
2120.12,0.00274068,0.0142457,30.9985,0.867959,2152
375.344,0.000485132,0.00252148,5.49942,0.153984,381
433.586,0.000561766,0.00292033,6.23634,0.174618,440
540.953,0.000700317,0.0036405,7.82339,0.219055,549
1052.59,0.00136578,0.00709876,14.9829,0.419521,1068
266.134,0.000345688,0.00179681,3.75899,0.105252,270
862.507,0.00112083,0.00582575,12.1456,0.340076,875
723.62,0.000941472,0.00489368,10.0919,0.282574,734
4717.77,0.00611957,0.0318086,67.3035,1.8845,4787
3390.2,0.00439674,0.0228532,48.4185,1.35572,3440
183.264,0.00023715,0.00123261,2.6603,0.0744883,186
661.12,0.000855413,0.00444634,9.60599,0.268968,671
860.256,0.00111456,0.00579253,12.3903,0.346928,873
735.142,0.000952846,0.0049529,10.5563,0.295575,746
143.875,0.000186454,0.000969181,2.06621,0.0578539,146
1066.34,0.00138301,0.00718835,15.2276,0.426373,1082
5569.86,0.00722066,0.0375304,79.8585,2.23604,5652
284.918,0.000370811,0.00192707,3.96891,0.11113,289
283.853,0.000368459,0.0019151,4.03198,0.112895,288
626.882,0.000814163,0.0042317,8.86514,0.248224,636
443.364,0.000573589,0.00298136,6.45173,0.180649,450
423.665,0.000548057,0.00284886,6.15948,0.172465,430
210.832,0.000272608,0.00141703,3.08019,0.0862453,214
418.783,0.000542403,0.00281901,6.0447,0.169252,425
682,0.000884672,0.00459856,9.72264,0.272234,692
1133.12,0.00146693,0.00762458,16.4105,0.459494,1150
1372.63,0.00177794,0.00924121,19.8051,0.554544,1393
3299.51,0.00427928,0.0222424,47.1422,1.31998,3348
796.13,0.00103042,0.00535602,11.5403,0.323129,808
569.774,0.00074079,0.00384998,7.99745,0.223928,578
654.671,0.000852571,0.00443143,9.06999,0.25396,664
416.78,0.00053942,0.0028038,6.04765,0.169334,423
734.975,0.000950658,0.00494068,10.7194,0.300142,746
884.122,0.00114806,0.00596702,12.52,0.350561,897
768.736,0.000997298,0.00518399,10.9515,0.306643,780
1414.99,0.00183228,0.00952447,20.4309,0.572065,1436
1,0,0,0,0,1
308.415,0.000399374,0.0020758,4.45804,0.124825,313
254.303,0.000330256,0.0017168,3.59457,0.100648,258
798.33,0.00103613,0.00538551,11.3457,0.317679,810
442.582,0.000575037,0.00298887,6.23997,0.174719,449
455.191,0.000588833,0.0030609,6.61966,0.185351,462
1604.95,0.00207564,0.0107886,23.3792,0.654618,1629
614.924,0.000797019,0.00414304,8.82356,0.24706,624
558.762,0.000724441,0.0037652,8.00896,0.224251,567
525.313,0.000681788,0.00354369,7.47305,0.209245,533
870.143,0.00112761,0.00586124,12.4998,0.349995,883
366.517,0.000474157,0.0024648,5.3311,0.149271,372
537.185,0.000697628,0.00362573,7.59816,0.212749,545
543.136,0.000705817,0.00366834,7.64579,0.214082,551
232.541,0.000301036,0.00156487,3.36274,0.0941568,236
274.897,0.000355733,0.00184916,3.98887,0.111688,279
666.182,0.000863584,0.00448926,9.54501,0.26726,676
1087.16,0.00141131,0.00733572,15.4048,0.431334,1103
697.537,0.000902038,0.00468902,10.1726,0.284832,708
441.381,0.000570908,0.0029676,6.435,0.18018,448
611.816,0.000791271,0.00411298,8.92954,0.250027,621
486.051,0.000632736,0.00328827,6.75595,0.189167,493
364.691,0.000473591,0.00246164,5.16195,0.144535,370
246.487,0.000320975,0.00166819,3.41511,0.095623,250
503.602,0.000653035,0.00339438,7.19227,0.201383,511
513.456,0.000665776,0.00346099,7.3344,0.205363,521
465.221,0.000604069,0.00313948,6.59034,0.18453,472
908,0.00118167,0.00614169,12.6388,0.353885,921
250.254,0.000323731,0.00168285,3.64204,0.101977,254
474.861,0.00061393,0.00319131,6.94071,0.19434,482
503.432,0.000650983,0.00338372,7.35837,0.206034,511
364.773,0.000474646,0.00246722,5.08182,0.142291,370
218.837,0.000284487,0.00147863,3.07503,0.0861009,222
394.303,0.000512626,0.00266411,5.53836,0.155074,400
2716.16,0.00351127,0.018251,39.708,1.11182,2757
330.387,0.000431429,0.00224226,4.48518,0.125585,335
143.01,0.000186839,0.000971033,1.93471,0.0541718,145
946.824,0.00123699,0.00642858,12.8098,0.358676,960
348.192,0.000455377,0.00236682,4.67428,0.13088,353
762.311,0.000994881,0.00517125,10.3918,0.29097,773
869.814,0.00113541,0.0059012,11.8472,0.331721,882
295.654,0.000383603,0.00199351,4.2249,0.118297,300
226.601,0.000293186,0.00152384,3.30424,0.0925187,230
198.071,0.000256707,0.00133438,2.84809,0.0797464,201
444.462,0.000576377,0.00299613,6.35608,0.17797,451
326.289,0.000424189,0.00220477,4.57995,0.128239,331
276.162,0.000360854,0.00187532,3.73137,0.104478,280
291.918,0.000381097,0.00198072,3.96834,0.111114,296
674.043,0.000873633,0.00454089,9.6809,0.271065,684
434.932,0.000568059,0.00295221,5.89931,0.165181,441
65.0923,8.50209e-05,0.000441852,0.882445,0.0247085,66
1843.04,0.00239193,0.0124326,26.2158,0.734042,1870
274.877,0.000355584,0.00184845,4.00902,0.112252,279
121.221,0.000157252,0.000817421,1.72982,0.0484349,123
760.845,0.000987195,0.00513115,10.8449,0.303657,772
305.461,0.000395579,0.00205622,4.41328,0.123572,310
265.999,0.000343968,0.00178783,3.8897,0.108912,270
632.768,0.000821546,0.00427034,8.97553,0.251315,642
376.378,0.000487161,0.00253207,5.4658,0.153042,382
258.125,0.000333875,0.00173543,3.7677,0.105496,262
2907.41,0.00378454,0.0196698,40.4359,1.13221,2949
432.602,0.000560598,0.00291387,6.22035,0.17417,439
267.028,0.000345757,0.00179715,3.86172,0.108128,271
1151.85,0.00149138,0.00775234,16.6749,0.466898,1169
901.891,0.00117152,0.00608979,12.7448,0.356853,915
491.686,0.000636769,0.00330968,7.11101,0.199108,499
372.427,0.000481973,0.00250494,5.41863,0.151722,378
455.169,0.00058867,0.00306022,6.64137,0.185958,462
315.271,0.000407752,0.00211957,4.59792,0.128742,320
6211.68,0.00803298,0.0417573,90.733,2.54053,6305
359.572,0.000464745,0.00241565,5.27759,0.147773,365
543.848,0.000703443,0.00365676,7.92548,0.221913,552
1197.31,0.00155187,0.00806627,17.2008,0.481621,1215
328.198,0.000425913,0.00221373,4.66866,0.130723,333
1085.83,0.00140575,0.007307,15.723,0.440244,1102
2280.17,0.00295364,0.015352,32.8895,0.920906,2314
864.078,0.00111804,0.00581137,12.5636,0.35178,877
294.666,0.000382157,0.00198633,4.2136,0.117981,299
622.706,0.000806005,0.00418981,9.03646,0.253021,632
388.287,0.000503488,0.00261706,5.5548,0.155534,394
509.443,0.000659814,0.00343001,7.34712,0.205719,517
760.647,0.000984523,0.00511737,11.0381,0.309067,772
803.937,0.00103981,0.00540496,11.7278,0.328379,816
2377.1,0.00308316,0.0160267,33.9292,0.950017,2412
3905.43,0.00506299,0.026316,55.9705,1.56718,3963
420.791,0.000545453,0.00283529,6.03685,0.169032,427
536.098,0.000695018,0.00361261,7.6821,0.215099,544
1473.94,0.00190663,0.00991047,21.4443,0.60044,1496
2374.81,0.00308818,0.0160515,33.2448,0.930854,2409
1793.21,0.00233218,0.0121223,25.076,0.702127,1819
495.578,0.000640987,0.00333216,7.21588,0.202045,503
4333.21,0.0056059,0.0291388,62.9886,1.76368,4398
5482.35,0.00710866,0.0369486,78.4134,2.19558,5563
629.572,0.000814411,0.00423319,9.16649,0.256662,639
409.849,0.000529967,0.00275489,5.98057,0.167456,416
568.653,0.000737642,0.00383384,8.11547,0.227233,577
1382.59,0.00179188,0.00931395,19.8452,0.555666,1403
389.238,0.000504337,0.00262134,5.60193,0.156854,395
348.782,0.000451115,0.00234519,5.0731,0.142047,354
427.664,0.000554056,0.00287977,6.16049,0.172494,434
4228.06,0.00551013,0.0286372,58.2765,1.63174,4288
499.875,0.000650946,0.00338331,6.92718,0.193961,507
405.355,0.000529481,0.00275192,5.48847,0.153677,411
932.021,0.00121744,0.00632715,12.6186,0.353321,945
887.727,0.00116066,0.00603221,11.9313,0.334076,900
487.24,0.000636851,0.00331002,6.5722,0.184022,494
298.807,0.000389915,0.00202656,4.0763,0.114136,303
761.319,0.00099343,0.00516358,10.3842,0.290758,772
595.251,0.000772115,0.00401328,8.50591,0.238165,604
291.646,0.000377578,0.00196262,4.2329,0.118521,296
305.459,0.00039566,0.00205641,4.41521,0.123626,310
2204.74,0.00287312,0.0149331,30.3882,0.850869,2236
358.907,0.000467696,0.00243066,4.95103,0.138629,364
1342.77,0.00174754,0.00908342,18.6916,0.523365,1362
328.412,0.000428814,0.00222865,4.46044,0.124892,333
266.297,0.00034795,0.00180842,3.59975,0.100793,270
659.727,0.000860752,0.00447368,9.01562,0.252437,669
505.94,0.000660701,0.00343404,6.86404,0.192193,513
169.482,0.000219553,0.00114114,2.44762,0.0685333,172
299.511,0.000387551,0.00201431,4.36462,0.122209,304
136.948,0.00017721,0.000921126,1.99488,0.0558566,139
584.763,0.000762836,0.00396421,8.0076,0.224213,593
3285.24,0.00427954,0.0222415,45.4576,1.27281,3332
1745.46,0.00227734,0.0118362,23.8551,0.667944,1770
662.819,0.000866367,0.00450293,8.92577,0.249922,672
410.289,0.000536041,0.00278588,5.55244,0.155468,416
349.127,0.000455953,0.0023697,4.73704,0.132637,354
427.034,0.000557509,0.0028978,5.80047,0.162413,433
663.746,0.000867094,0.0045062,8.99691,0.251913,673
546.784,0.000707215,0.00367599,7.98838,0.223675,555
472.022,0.000611787,0.00317991,6.78447,0.189965,479
246.337,0.00031903,0.00165841,3.56139,0.0997188,250
563.816,0.000732491,0.00380711,7.95688,0.222793,572
959.33,0.00124934,0.00649313,13.29,0.372121,973
233.631,0.000303755,0.00157883,3.27574,0.0917207,237
505.943,0.000660818,0.00343432,6.86054,0.192095,513
514.819,0.0006725,0.00349484,6.98167,0.195487,522
134.132,0.000175178,0.000910487,1.81653,0.0508628,136
719.917,0.000939902,0.00488454,9.80231,0.274465,730
1060.11,0.00138316,0.00718875,14.4797,0.405432,1075
295.615,0.000382972,0.00199054,4.2637,0.119384,300
549.898,0.000713068,0.00370642,7.87692,0.220554,558
3079.74,0.00400621,0.020824,43.0352,1.20498,3124
1123.88,0.00146243,0.00760083,15.6682,0.438711,1140
896.259,0.00116766,0.00606811,12.3867,0.346829,909
1204.28,0.00157369,0.0081788,16.2545,0.455126,1221
479.366,0.000626667,0.0032572,6.44913,0.180576,486
311.637,0.000406792,0.00211438,4.24132,0.118757,316
1352.1,0.00176554,0.00917606,18.3705,0.514375,1371
577.926,0.000754553,0.00392192,7.84934,0.219781,586
607.034,0.000786784,0.00408972,8.71682,0.244071,616
539.03,0.000698556,0.00363135,7.74879,0.216966,547
1761.16,0.00229845,0.0119432,24.1518,0.676249,1786
1430.88,0.00186697,0.00970262,19.5636,0.547781,1451
1474.23,0.00192336,0.00999512,20.1963,0.565495,1495
322.514,0.000421355,0.00219007,4.3609,0.122105,327
2232.99,0.00291772,0.015164,30.145,0.844059,2264
5034.13,0.00657869,0.0341916,67.9261,1.90193,5104
914.237,0.00119385,0.00620496,12.4083,0.347434,927
524.678,0.000685243,0.00356151,7.11808,0.199306,532
403.174,0.000524086,0.00272418,5.66432,0.158601,409
667.217,0.000865746,0.00449997,9.51089,0.266305,677
722.628,0.000940232,0.00488715,10.0838,0.282348,733
423.863,0.000550807,0.00286276,5.9665,0.167062,430
334.239,0.000435305,0.00226243,4.62897,0.129611,339
619.206,0.000806747,0.00419295,8.54974,0.239393,628
497.129,0.000650107,0.00337884,6.68005,0.187041,504
852.205,0.00111394,0.00578974,11.4675,0.321089,864
1250.02,0.00162582,0.00845017,17.4807,0.489458,1268
1484.82,0.00193312,0.0100481,20.5939,0.57663,1506
3129.22,0.00406139,0.0211097,44.5063,1.24618,3175
691.924,0.000898589,0.00467033,9.79605,0.274289,702
1449.03,0.00188329,0.00978857,20.3858,0.570803,1470
421.915,0.000548665,0.0028517,5.91602,0.165648,428
117.249,0.000151741,0.000788819,1.70275,0.0476769,119
368.765,0.000480486,0.00249743,5.08971,0.142512,374
328.328,0.000427678,0.00222277,4.54198,0.127176,333
555.093,0.000722858,0.0037572,7.68702,0.215237,563
277.146,0.000362085,0.00188195,3.74721,0.104922,281
960.698,0.00125579,0.00652635,12.932,0.362095,974
613.406,0.000800622,0.00416114,8.35469,0.233931,622
1066.68,0.00138768,0.007213,14.8908,0.416943,1082
539.295,0.000702104,0.0036491,7.49088,0.209745,547
5402.1,0.00701266,0.0364487,76.712,2.14794,5481
220.767,0.000286499,0.00148912,3.14332,0.0880131,224
1,0,0,0,0,1
389.358,0.000505975,0.00262994,5.48544,0.153592,395
233.658,0.000304097,0.00158061,3.24871,0.0909639,237
297.766,0.000387874,0.00201609,4.11625,0.115255,302
191.27,0.000249003,0.00129429,2.65397,0.0743113,194
1169.65,0.00152683,0.00793596,15.9001,0.445202,1186
234.714,0.000306363,0.00159235,3.19449,0.0894456,238
422.101,0.000551128,0.00286447,5.73475,0.160573,428
1917.43,0.00248223,0.0129024,27.7732,0.77765,1946
6714.49,0.00869853,0.0452135,96.743,2.7088,6814
263.083,0.000340647,0.00177076,3.80831,0.106633,267
495.616,0.000641616,0.00333511,7.17865,0.201002,503
683.207,0.000889162,0.00462167,9.52138,0.266599,693
650.435,0.000843487,0.00438455,9.29987,0.260396,660
248.448,0.000323401,0.0016808,3.4535,0.096698,252
2507.45,0.00328089,0.0170493,33.5861,0.940412,2542
849.053,0.00110768,0.00575681,11.6151,0.325224,861
473.349,0.000617638,0.00320988,6.46637,0.181058,480
254.442,0.000332203,0.00172649,3.45924,0.0968587,258
332.088,0.000430434,0.00223743,4.77582,0.133723,337
1235.73,0.00160156,0.00832439,17.7631,0.497366,1254
174.375,0.000225543,0.00117215,2.55197,0.0714552,177
1039.55,0.00134631,0.00699845,15.0171,0.420479,1055
450.501,0.000585756,0.00304457,6.31858,0.17692,457
678.115,0.000880535,0.00457665,9.6107,0.2691,688
967.536,0.00126404,0.00656944,13.0895,0.366507,981
356.048,0.000465172,0.00241769,4.81449,0.134806,361
654.544,0.000851004,0.00442325,9.19295,0.257402,664
647.616,0.000841659,0.00437476,9.12313,0.255448,657
660.397,0.000857972,0.00445928,9.33649,0.261422,670
724.745,0.000933688,0.00485395,10.9429,0.306401,736
968.035,0.00124795,0.00648706,14.55,0.407401,983
123.088,0.000158556,0.000824354,1.85944,0.0520643,125
317.027,0.000407939,0.00212062,4.83533,0.135389,322
326.916,0.000421082,0.0021888,4.94262,0.138393,332
2942.32,0.00382361,0.0198754,41.4942,1.16184,2985
604.208,0.000784852,0.00407986,8.54806,0.239346,613
896.02,0.00116454,0.0060533,12.6192,0.353339,909
770.849,0.00100197,0.00520851,10.841,0.303548,782
812.267,0.00105615,0.00548985,11.4068,0.31939,824
474.161,0.000616581,0.00320513,6.64896,0.186171,481
172.513,0.000224365,0.00116631,2.4175,0.0676899,175
688.409,0.000887934,0.0046158,10.2973,0.288323,699
236.567,0.000307405,0.00159787,3.3378,0.0934583,240
246.44,0.000320437,0.00166539,3.46143,0.0969201,250
249.118,0.00032076,0.0016676,3.77442,0.105684,253
736.21,0.000955411,0.00496681,10.4899,0.293716,747
1238.02,0.00160855,0.00836216,17.485,0.48958,1256
300.619,0.000390474,0.00202955,4.25909,0.119254,305
1045.91,0.00135991,0.0070689,14.6745,0.410886,1061
473.087,0.000614283,0.00319316,6.72054,0.188175,480
1128.66,0.00146704,0.00762564,15.8877,0.444855,1145
216.907,0.000282489,0.00146837,3.00709,0.0841986,220
851.836,0.00110918,0.00576555,11.8264,0.331138,864
555.946,0.000722622,0.00375619,7.82999,0.21924,564
636.895,0.000829273,0.00430986,8.85186,0.247852,646
107.444,0.000139659,0.000725889,1.51302,0.0423645,109
425.876,0.000554036,0.00287978,5.95374,0.166705,432
421.856,0.000547969,0.0028484,5.97379,0.167266,428
123.226,0.000160278,0.000833038,1.72486,0.0482961,125
3716.88,0.00483878,0.0251518,51.6405,1.44594,3770
203.095,0.000264435,0.00137441,2.82433,0.0790812,206
653.606,0.000850335,0.00441989,9.13316,0.255729,663
946.433,0.00123173,0.00640206,13.1904,0.369331,960
1142.67,0.00148785,0.00773323,15.876,0.444527,1159
925.757,0.00120518,0.00626419,12.8751,0.360503,939
966.223,0.00125831,0.00654051,13.3938,0.375027,980
1241.04,0.00161309,0.00838483,17.4641,0.488996,1259
213.894,0.00027792,0.00144466,3.02011,0.084563,217
98.5775,0.000128175,0.000666275,1.38295,0.0387226,100
1926.44,0.00250785,0.0130359,26.7957,0.750278,1954
211.953,0.00027576,0.0014332,2.96234,0.0829456,215
417.011,0.000542569,0.00282052,5.82271,0.163036,423
366.766,0.000477679,0.00248251,5.08898,0.142491,372
268.14,0.000348757,0.00181265,3.75291,0.105082,272
774.926,0.00100899,0.00524444,10.7659,0.301446,786
513.621,0.000668271,0.00347358,7.17391,0.200869,521
460.408,0.000599258,0.00311493,6.40838,0.179435,467
486.054,0.000632814,0.00328914,6.75323,0.18909,493
1,0,0,0,0,1
89.7112,0.000116686,0.000606669,1.25303,0.0350849,91
133.093,0.000173231,0.000900471,1.85383,0.0519072,135
332.22,0.000432238,0.00224673,4.64705,0.130117,337
1101.22,0.00143319,0.00744912,15.3459,0.429684,1117
787.699,0.00102492,0.00532771,10.9871,0.30764,799
197.189,0.000256839,0.00133488,2.73333,0.0765334,200
553.08,0.000719898,0.00374217,7.70034,0.21561,561
746.299,0.000971247,0.00504833,10.4042,0.291316,757
237.573,0.000308967,0.00160583,3.33219,0.0933013,241
217.877,0.000283578,0.001474,3.03658,0.0850243,221
701.985,0.000914152,0.00475152,9.73701,0.272636,712
825.096,0.00107286,0.00557669,11.5729,0.324042,837
1533.88,0.0019948,0.0103688,21.5019,0.602052,1556
727.61,0.000947303,0.00492377,10.1009,0.282825,738
1064.64,0.00138435,0.00719546,14.9368,0.418229,1080
360.818,0.000469499,0.00244028,5.03767,0.141055,366
357.757,0.000464347,0.00241352,5.09766,0.142734,363
5973.86,0.00776986,0.0403835,83.7498,2.345,6060
3461.09,0.00450067,0.0233941,48.5193,1.35854,3511
191.997,0.000247187,0.00128471,2.91936,0.081742,195
235.369,0.000303452,0.0015775,3.5301,0.0988429,239
150.653,0.000194011,0.0010086,2.28214,0.0639,153
295.346,0.000379824,0.00197442,4.52471,0.126692,300
742.316,0.000965574,0.00501862,10.3871,0.29084,753
434.642,0.000564237,0.00293279,6.18106,0.17307,441
1089.94,0.00140257,0.0072915,16.5898,0.464514,1107
339.667,0.000436942,0.00227135,5.18553,0.145195,345
175.249,0.000225511,0.00117234,2.67436,0.0748822,178
280.669,0.000361883,0.00188116,4.21114,0.117912,285
554.292,0.000712968,0.00370641,8.46667,0.237067,563
167.394,0.000215601,0.00112064,2.53385,0.0709479,170
256.005,0.000329593,0.00171353,3.88386,0.108748,260
233.351,0.000300342,0.00156123,3.54746,0.099329,237
431.733,0.00056093,0.00291572,6.09309,0.170606,438
1043.99,0.00135815,0.00705967,14.5942,0.408638,1059
357.784,0.000464641,0.00241481,5.07146,0.142001,363
242.188,0.000311471,0.00161914,3.70623,0.103774,246
155.546,0.000199988,0.00103953,2.3864,0.0668191,158
143.737,0.000184813,0.00096097,2.20009,0.0616025,146
1500.99,0.00193713,0.0100692,22.3672,0.626281,1524
457.929,0.000590446,0.00306897,6.87468,0.192491,465
330.821,0.000425767,0.00221324,5.03489,0.140977,336
139.8,0.000179746,0.000934645,2.13928,0.0598999,142
202.846,0.000261249,0.0013581,3.06637,0.0858583,206
298.37,0.000384398,0.00199831,4.502,0.126056,303
454.342,0.000589702,0.00306505,6.4731,0.181247,461
1134.68,0.00147629,0.00767295,15.8627,0.444155,1151
535.332,0.000696715,0.00362156,7.45507,0.208742,543
521.801,0.000671198,0.0034892,7.97159,0.223204,530
326.89,0.000420808,0.00218771,4.96814,0.139108,332
1,0,0,0,0,1
124.036,0.000159385,0.000828594,1.90972,0.053472,126
177.265,0.000228559,0.00118815,2.65883,0.0744473,180
1,0,0,0,0,1
169.376,0.000218277,0.00113479,2.5514,0.0714391,172
855.768,0.001103,0.00573379,12.8649,0.360216,869
385.967,0.00049684,0.00258277,5.86613,0.164252,392
265.821,0.000341963,0.00177751,4.06293,0.113762,270
609.166,0.000791724,0.00411497,8.58887,0.240488,618
559.829,0.000726945,0.00377885,7.94436,0.222442,568
238.241,0.000306309,0.00159232,3.65478,0.102334,242
89.5902,0.000115281,0.000599155,1.37072,0.0383803,91
75.8142,9.75826e-05,0.000507335,1.15292,0.0322819,77
221.569,0.000285463,0.00148423,3.33599,0.0934078,225
164.437,0.000211779,0.00110086,2.49208,0.0697784,167
235.339,0.000303081,0.00157569,3.55903,0.0996529,239
176.235,0.000226769,0.00117884,2.68827,0.0752715,179
183.124,0.000235576,0.00122463,2.79625,0.0782949,186
1238.73,0.00159548,0.00829345,18.7388,0.524687,1258
824.99,0.0010716,0.00556982,11.6768,0.326949,837
620.064,0.000806415,0.0041914,8.68738,0.243247,629
144.744,0.000186433,0.000968964,2.1936,0.0614207,147
4018.27,0.0051834,0.0269451,60.019,1.68053,4080
1,0,0,0,0,1
164.428,0.000211575,0.00110001,2.50105,0.0700293,167
252.129,0.000325296,0.00169104,3.76315,0.105368,256
129.955,0.000167128,0.00086888,1.98848,0.0556776,132
368.364,0.000475479,0.00247164,5.47944,0.153424,374
364.323,0.000469175,0.00243894,5.51918,0.154537,370
236.305,0.000304127,0.00158088,3.59258,0.100592,240
606.605,0.00078171,0.00406365,9.13403,0.255753,616
1509.44,0.00196555,0.0102156,20.9618,0.58693,1531
675.185,0.00087716,0.00455955,9.54262,0.267193,685
344.031,0.000447286,0.00232496,4.83094,0.135266,349
1367.86,0.00176327,0.00916588,20.5489,0.575369,1389
674.569,0.000869425,0.00451974,10.1415,0.283962,685
287.533,0.000370396,0.00192534,4.34342,0.121616,292
67.9415,8.74966e-05,0.000454933,1.02912,0.0288153,69
203.811,0.000262277,0.00136356,3.10086,0.086824,207
243.203,0.000313069,0.00162758,3.69209,0.103378,247
2385.34,0.00309956,0.0161103,33.6959,0.943485,2420
4084.72,0.00530843,0.0275913,57.6287,1.6136,4144
6075.9,0.00790741,0.0410981,84.6799,2.37104,6163
5764.93,0.00750952,0.0390348,79.7913,2.23416,5847
606.203,0.000787746,0.00409468,8.5522,0.239462,615
639.84,0.000832799,0.0043287,8.9055,0.249354,649
604.372,0.000787055,0.00409058,8.38833,0.234873,613
696.92,0.000905921,0.00470893,9.79973,0.274392,707
320.054,0.000412615,0.00214487,4.80849,0.134638,325
481.536,0.000620436,0.00322534,7.25711,0.203199,489
150.646,0.000193931,0.00100802,2.28858,0.0640801,153
408.7,0.000527049,0.00273965,6.1255,0.171514,415
353.874,0.000459996,0.00239099,4.98359,0.13954,359
952.114,0.00123666,0.00642786,13.5006,0.378016,966
3039.79,0.00394963,0.0205288,42.9845,1.20357,3084
154.757,0.000201105,0.00104545,2.1806,0.0610567,157
79.851,0.000103905,0.000539976,1.1171,0.0312787,81
760.989,0.000989127,0.00514156,10.7056,0.299757,772
878.408,0.00114323,0.00594221,12.2426,0.342793,891
1127.92,0.00146895,0.00763502,15.6308,0.437663,1144
1205.4,0.0015539,0.00807825,18.0857,0.5064,1224
217.614,0.000280314,0.00145716,3.29174,0.0921687,221
291.479,0.000375594,0.00195244,4.39558,0.123076,296
1863.16,0.00240155,0.0124835,28.0445,0.785245,1892
377.497,0.0004903,0.00254845,5.35007,0.149802,383
232.615,0.000302163,0.00157068,3.29092,0.0921458,236
1056.8,0.00137478,0.0071456,14.7804,0.413853,1072
372.64,0.000484806,0.00251986,5.21116,0.145912,378
348.928,0.000453328,0.00235626,4.93091,0.138066,354
218.592,0.000281476,0.00146326,3.31308,0.0927662,222
219.604,0.000283123,0.00147184,3.30142,0.0924398,223
1,0,0,0,0,1
1,0,0,0,0,1
207.759,0.000267543,0.00139076,3.15096,0.0882269,211
166.398,0.000214167,0.0011133,2.52955,0.0708275,169
384.105,0.000495647,0.00257639,5.731,0.160468,390
1644.64,0.00214423,0.0111423,22.7146,0.63601,1668
6562.2,0.00849675,0.0441657,95.0857,2.6624,6660
405.038,0.000525273,0.00273013,5.79673,0.162308,411
1395.21,0.00181833,0.00945056,19.2394,0.538702,1415
146.907,0.000191352,0.000994487,2.03498,0.0569793,149
1208.99,0.00157731,0.00819852,16.5342,0.462958,1226
1295.69,0.00168908,0.0087804,17.7982,0.498349,1314
1029.41,0.00134162,0.00697301,14.1859,0.397207,1044
801.601,0.00104437,0.00542815,11.0824,0.310306,813
1351.71,0.00176032,0.00914938,18.7508,0.525022,1371
2990.35,0.00389429,0.0202404,41.465,1.16102,3033
321.396,0.000418304,0.00217426,4.47606,0.12533,326
1723.29,0.00224273,0.0116567,24.0222,0.672622,1748
844.729,0.0010974,0.00570395,11.9297,0.334032,857
5457.86,0.00709236,0.036864,76.9453,2.15447,5537
365.693,0.000475163,0.00246967,5.15947,0.144465,371
1,0,0,0,0,1
596.109,0.000771907,0.00401217,8.64465,0.24205,605
257.28,0.00033445,0.00173853,3.61639,0.101259,261
479.027,0.000622138,0.00323405,6.77942,0.189824,486
1505.42,0.00195934,0.0101837,20.9768,0.587351,1527
454.375,0.000590036,0.0030666,6.44092,0.180346,461
363.635,0.000471466,0.00245063,5.21628,0.146056,369
789.73,0.00102847,0.00534509,10.9571,0.306798,801
448.61,0.000584315,0.00303702,6.21261,0.173953,455
275.008,0.000357302,0.0018572,3.88077,0.108662,279
359.685,0.000466261,0.00242369,5.16736,0.144686,365
520.336,0.000674838,0.00350794,7.45139,0.208639,528
711.674,0.00092482,0.00480698,10.0392,0.281098,722
524.341,0.000680889,0.00353836,7.44608,0.20849,532
849.603,0.00110316,0.00573465,12.0528,0.337478,862
311.589,0.000406127,0.00211094,4.28835,0.120074,316
602.106,0.000780596,0.0040577,8.64742,0.242128,611
509.743,0.000663962,0.00345112,7.05548,0.197553,517
2437.58,0.00317815,0.0165188,33.4604,0.936892,2472
815.344,0.00106163,0.00551747,11.332,0.317296,827
82.8071,0.000107693,0.000559828,1.15972,0.0324721,84
1515.46,0.00197433,0.010262,20.9443,0.58644,1537
1265.15,0.00164999,0.0085756,17.3543,0.48592,1283
146.914,0.000191457,0.000994962,2.02761,0.0567732,149
514.354,0.0006662,0.00346304,7.43378,0.208146,522
571.527,0.000740547,0.00384948,8.23794,0.230662,580
1280.91,0.00165855,0.00862169,18.5637,0.519783,1300
336.02,0.000435407,0.00226329,4.8417,0.135568,341
169.591,0.000220949,0.00114857,2.34162,0.0655654,172
260.3,0.000339133,0.00176273,3.59751,0.10073,264
823.368,0.0010737,0.00558006,11.3084,0.316636,835
2588.23,0.00337242,0.0175282,35.7473,1.00093,2625
91.695,0.000119453,0.000620825,1.26877,0.0355257,93
538.377,0.00070175,0.00364741,7.41124,0.207515,546
216.918,0.000282634,0.00146907,2.99625,0.0838951,220
173.449,0.000224968,0.00116941,2.48034,0.0694495,176
103.493,0.000134412,0.000698594,1.46497,0.0410192,105
166.527,0.000215762,0.00112132,2.40386,0.067308,169
366.632,0.000475741,0.00247292,5.21908,0.146134,372
300.539,0.000389406,0.00202414,4.33731,0.121445,305
691.787,0.00089688,0.00466184,9.9297,0.278031,702
226.631,0.000293561,0.0015259,3.27586,0.0917241,230
1885.35,0.00244621,0.0127149,26.8847,0.752772,1913
507.554,0.000658654,0.00342345,7.23959,0.202708,515
2342.67,0.00305191,0.0158625,32.4042,0.907318,2376
266.096,0.000345266,0.00179442,3.79556,0.106276,270
271.931,0.000351945,0.0018293,3.95636,0.110778,276
438.45,0.000567646,0.0029503,6.36849,0.178318,445
144.863,0.000187856,0.000976363,2.07786,0.05818,147
392.239,0.000508754,0.00264476,5.60135,0.156838,398
301.522,0.000390652,0.00203047,4.35376,0.121905,306
440.549,0.000571692,0.00297161,6.2721,0.175619,447
622.956,0.000809477,0.00420759,8.79238,0.246187,632
217.743,0.000281883,0.00146501,3.16691,0.0886735,221
1104.28,0.00143846,0.00747626,15.2809,0.427866,1120
2238,0.00290153,0.0150824,32.0873,0.898445,2271
168.49,0.000218181,0.00113409,2.4406,0.0683368,171
539.173,0.000700524,0.00364141,7.60963,0.21307,547
763.948,0.000993175,0.00516193,10.745,0.300859,775
1352.64,0.0017607,0.00915186,18.8177,0.526895,1372
492.894,0.000640932,0.00333165,6.90826,0.193431,500
366.474,0.000473565,0.00246174,5.37244,0.150428,372
2119.97,0.0027384,0.0142341,31.1396,0.871909,2152
2054.18,0.00265559,0.013804,29.9691,0.839135,2085
249.24,0.000322095,0.00167421,3.65612,0.102371,253
567.595,0.000735545,0.00382333,8.17158,0.228804,576
564.597,0.000731182,0.0038008,8.16936,0.228742,573
305.51,0.000396334,0.00206015,4.3651,0.122223,310
1517.32,0.00197557,0.0102683,21.08,0.590239,1539
1045.99,0.00136132,0.00707506,14.5909,0.408544,1061
2112.01,0.0027524,0.0143066,29.156,0.816368,2142
332.23,0.000432247,0.00224672,4.63727,0.129844,337
470.26,0.000612049,0.00318103,6.55296,0.183483,477
379.507,0.000493325,0.00256391,5.34063,0.149538,385
1547.64,0.00199915,0.0103923,22.71,0.63588,1571
565.49,0.000730881,0.00379902,8.27427,0.23168,574
392.082,0.000506555,0.00263308,5.75373,0.161104,398
413.788,0.00053524,0.00278242,6.03954,0.169107,420
214.8,0.000278144,0.00144573,3.11139,0.087119,218
4236.54,0.00551706,0.0286743,58.7775,1.64577,4297
1432.71,0.00186763,0.0097069,19.729,0.552412,1453
752.314,0.00098026,0.00509481,10.3887,0.290883,763
1422.83,0.00185435,0.00963796,19.6127,0.549154,1443
1200.79,0.00156269,0.0081226,16.7309,0.468466,1218
2045.92,0.00266594,0.0138555,28.2725,0.791631,2075
5392.34,0.00701307,0.0364516,75.5043,2.11412,5470
189.229,0.000245602,0.00127667,2.69361,0.075421,192
745.796,0.000964129,0.00501166,10.893,0.305003,757
479.801,0.000620387,0.00322475,6.99882,0.195967,487
492.591,0.000636698,0.00330947,7.20353,0.201699,500
1131.94,0.00146259,0.00760265,16.589,0.464492,1149
355.699,0.000460533,0.00239418,5.15345,0.144297,361
660.261,0.000856132,0.00445022,9.46858,0.26512,670
519.38,0.000673866,0.00350264,7.40804,0.207425,527
327.164,0.000424133,0.00220463,4.70206,0.131658,332
407.934,0.000528413,0.00274669,5.89776,0.165137,414
373.437,0.000483607,0.0025138,5.40892,0.15145,379
457.3,0.000593483,0.00308466,6.51399,0.182392,464
294.699,0.000382641,0.00198888,4.18174,0.117089,299
378.48,0.000491458,0.00255443,5.36695,0.150275,384
1127.08,0.00145711,0.00757394,16.4508,0.460623,1144
9403.94,0.0121589,0.0631987,137.148,3.84015,9545
451.362,0.000585441,0.0030431,6.45334,0.180694,458
266.076,0.000345038,0.00179337,3.81543,0.106832,270
249.325,0.000323362,0.00168083,3.57266,0.100035,253
356.694,0.000461959,0.0024016,5.15832,0.144433,362
163.577,0.000211983,0.00110185,2.35572,0.0659603,166
529.383,0.000688586,0.00357916,7.40534,0.207349,537
462.291,0.000600756,0.00312221,6.5231,0.182647,469
129.112,0.000167636,0.000871296,1.83531,0.0513887,131
591.062,0.000763478,0.00396851,8.68962,0.243309,600
728.394,0.000945843,0.00491626,10.3118,0.28873,739
714.373,0.00092524,0.00480954,10.3324,0.289307,725
227.567,0.000294211,0.00152915,3.33745,0.0934486,231
482.841,0.00062571,0.00325216,6.95994,0.194878,490
827.775,0.00107333,0.00557861,11.886,0.332808,840
250.291,0.000324395,0.00168625,3.60566,0.100958,254
542.964,0.000703759,0.00365814,7.81334,0.218774,551
1738.98,0.00226201,0.0117568,24.3228,0.681038,1764
103.504,0.000134565,0.000699289,1.45484,0.0407356,105
580.532,0.000753805,0.00391799,8.23295,0.230523,589
581.597,0.000756058,0.00392995,8.16916,0.228737,590
398.226,0.000517486,0.00268949,5.61331,0.157173,404
161.637,0.000209772,0.00109027,2.29705,0.0643174,164
150.735,0.00019493,0.00101342,2.20237,0.0616663,153
353.722,0.000457939,0.00238045,5.13189,0.143693,359
251.241,0.000325106,0.00169002,3.65501,0.10234,255
220.745,0.000286191,0.00148789,3.16428,0.0885997,224
463.2,0.000600999,0.00312402,6.61101,0.185108,470
225.686,0.000292891,0.00152227,3.22205,0.0902173,229
379.503,0.000493213,0.00256363,5.34423,0.149638,385
727.37,0.000944233,0.00490816,10.3347,0.289372,738
984.834,0.00128115,0.00665872,13.7722,0.385622,999
231.622,0.000300725,0.00156296,3.28378,0.0919459,235
350.892,0.000455651,0.00236818,4.96632,0.139057,356
427.675,0.00055433,0.00288143,6.14961,0.172189,434
432.884,0.000564537,0.0029343,5.94574,0.166481,439
222.845,0.000290507,0.00150982,3.06705,0.0858775,226
407.264,0.000531316,0.00276148,5.57659,0.156145,413
275.116,0.000358741,0.00186467,3.77634,0.105738,279
2129.02,0.00277699,0.0144345,29.1444,0.816043,2159
313.556,0.000408649,0.00212404,4.32071,0.12098,318
308.642,0.000402516,0.00209195,4.23688,0.118633,313
1,0,0,0,0,1
80.8595,0.000105461,0.000548141,1.10884,0.0310475,82
212.009,0.000276516,0.00143728,2.90769,0.0814153,215
95.6434,0.000124638,0.000647849,1.31889,0.0369289,97
172.56,0.000224967,0.00116938,2.37254,0.0664311,175
798.736,0.00104174,0.00541461,10.9505,0.306615,810
349.063,0.000455053,0.00236535,4.80021,0.134406,354
287.759,0.000373212,0.00193973,4.12339,0.115455,292
381.385,0.000494679,0.00257135,5.45891,0.152849,387
295.612,0.000383034,0.00199088,4.26578,0.119442,300
298.685,0.000388291,0.00201826,4.19532,0.117469,303
662.42,0.000861067,0.00447559,9.31366,0.260783,672
565.806,0.000735177,0.00382144,7.96681,0.223071,574
408.134,0.000530754,0.00275892,5.70283,0.159679,414
12836.7,0.0167301,0.086951,177.244,4.96284,13019
257.359,0.000335524,0.00174397,3.53984,0.0991157,261
1208.92,0.00157664,0.00819455,16.6068,0.46499,1226
419.092,0.000546572,0.00284065,5.74355,0.160819,425
383.589,0.000500212,0.00260007,5.26063,0.147298,389
603.482,0.000787037,0.00409033,8.28101,0.231868,612
1849.67,0.00240965,0.0125234,25.6003,0.716808,1876
1277.62,0.00166198,0.00863857,17.8713,0.500396,1296
1161.47,0.00151301,0.00786328,16.0749,0.450097,1178
598.468,0.000779341,0.00405051,8.29513,0.232264,607
564.902,0.000735274,0.0038213,7.87282,0.220439,573
574.672,0.000746892,0.00388211,8.09679,0.22671,583
324.274,0.000421063,0.00218877,4.59469,0.128651,329
893.132,0.0011616,0.00603753,12.5102,0.350286,906
935.674,0.00121933,0.00633701,12.9557,0.362761,949
14973.1,0.0195253,0.101476,205.969,5.76714,15185
3996.24,0.00521001,0.0270747,55.1807,1.54506,4053
2556.75,0.00333375,0.0173247,35.2466,0.986904,2593
4074.23,0.00531286,0.0276092,56.1607,1.5725,4132
4050.55,0.00528158,0.0274476,55.849,1.56377,4108
1451.33,0.00189078,0.00982682,20.0981,0.562746,1472
3674.93,0.00479078,0.0248979,50.6225,1.41743,3727
611.186,0.000794839,0.00413115,8.56892,0.23993,620
213.93,0.000278338,0.00144678,2.98495,0.0835787,217
695.106,0.000905429,0.00470584,9.61904,0.269333,705
634.718,0.000823816,0.00428215,9.02407,0.252674,644
337.064,0.000437413,0.00227368,4.79865,0.134362,342
336.109,0.000436579,0.00226916,4.75479,0.133134,341
1469.16,0.00191558,0.00995513,20.2585,0.567239,1490
897.248,0.00116977,0.00607908,12.3979,0.347141,910
5046.3,0.00658053,0.0341969,69.7061,1.95177,5118
1805.36,0.00235348,0.0122298,24.9283,0.697992,1831
2806.11,0.00365758,0.0190082,38.7771,1.08576,2846
2540.71,0.00330809,0.0171946,35.2794,0.987822,2577
970.187,0.00126412,0.00656959,13.4294,0.376024,984
2094.13,0.00272712,0.0141748,29.0416,0.813166,2124
3497.12,0.00455433,0.0236733,48.4936,1.35782,3547
1392.95,0.00181211,0.00941866,19.4936,0.545822,1413
517.61,0.000673925,0.00350296,7.18501,0.20118,525
97.5953,0.00012696,0.000659828,1.3657,0.0382395,99
621.107,0.000808434,0.00420208,8.6456,0.242077,630
734.371,0.000954551,0.0049614,10.3335,0.289339,745
396.243,0.000514743,0.00267569,5.59688,0.156713,402
474.086,0.000615583,0.00319968,6.7215,0.188202,481
1868.49,0.00243626,0.0126599,25.7743,0.72168,1895
1453.39,0.00189512,0.00984723,20.0379,0.561061,1474
3032.97,0.00395502,0.0205532,41.8363,1.17142,3076
1300.52,0.0016953,0.0088102,17.9697,0.503152,1319
2067.68,0.00269612,0.014011,28.5079,0.798221,2097
2360.5,0.00307792,0.0159949,32.5674,0.911888,2394
3582.26,0.00467172,0.0242771,49.3333,1.38133,3633
1885.28,0.00245806,0.0127743,25.9783,0.727393,1912
2924.55,0.00381372,0.0198187,40.2933,1.12821,2966
272.834,0.000352268,0.00183106,4.0501,0.113403,277
419.675,0.000542696,0.00282107,6.14955,0.172187,426
671.871,0.000868804,0.00451648,9.84756,0.275732,682
893.318,0.00115304,0.00599356,13.3022,0.372461,907
315.271,0.000407969,0.00212075,4.59799,0.128744,320
1311.32,0.00169658,0.0088197,19.1381,0.535867,1331
201.021,0.000260542,0.00135435,2.89607,0.0810899,204
1528.78,0.00196453,0.0102122,23.5471,0.65932,1553
241.193,0.000310079,0.00161193,3.70142,0.10364,245
315.184,0.000406901,0.00211514,4.68206,0.131098,320
207.698,0.00026677,0.00138695,3.21029,0.0898882,211
127.963,0.000164342,0.00085441,1.98029,0.0554482,130
139.783,0.000179586,0.000933693,2.15509,0.0603426,142
564.397,0.000728863,0.00378879,8.36476,0.234213,573
286.474,0.000368251,0.00191432,4.40033,0.123209,291
220.755,0.000286412,0.00148879,3.15536,0.08835,224
852.454,0.0010951,0.00569285,13.1707,0.368781,866
577.879,0.000742879,0.00386184,8.86818,0.248309,587
162.417,0.000208689,0.00108467,2.51097,0.070307,165
208.698,0.000268151,0.00139415,3.21074,0.0899008,212
109.266,0.000140372,0.000729873,1.68545,0.0471925,111
523.574,0.000671257,0.0034896,8.19292,0.229402,532
393.733,0.000505614,0.00262854,6.0937,0.170624,400
369.167,0.000474623,0.00246705,5.67105,0.158789,375
1,0,0,0,0,1
326.864,0.00042044,0.00218567,4.9935,0.139818,332
944.119,0.00121401,0.00631056,14.4679,0.405102,959
352.324,0.000451709,0.00234821,5.51884,0.154528,358
462.623,0.000593855,0.00308754,7.17243,0.200828,470
839.583,0.00107765,0.00560211,13.0446,0.365249,853
1069.68,0.00137057,0.00712528,16.8402,0.471526,1087
1572.58,0.00201523,0.010477,24.7132,0.691969,1598
262.835,0.000337712,0.00175566,4.04919,0.113377,267
295.287,0.000379008,0.00197057,4.58194,0.128294,300
8143.53,0.0104591,0.0543719,125.882,3.5247,8273
693.966,0.000891183,0.00463301,10.7282,0.300389,705
3187.26,0.00409213,0.0212735,49.3348,1.38137,3238
886.863,0.00113846,0.00591818,13.7447,0.384852,901
427.232,0.000548936,0.0028538,6.58018,0.184245,434
1039.4,0.00133419,0.00693607,16.1366,0.451826,1056
435.96,0.000558701,0.00290475,6.84451,0.191646,443
532.558,0.000684183,0.00355708,8.20806,0.229826,541
426.233,0.000547558,0.00284609,6.57962,0.184229,433
602.466,0.000774186,0.00402454,9.26999,0.25956,612
954.823,0.00122617,0.00637425,14.7564,0.413178,970
621.079,0.000797008,0.00414328,9.6462,0.270094,631
815.06,0.00104702,0.00544302,12.5808,0.352263,828
1505.1,0.00193351,0.0100507,23.2389,0.650689,1529
1480.41,0.00190092,0.00988206,22.9359,0.642205,1504
686.055,0.000880613,0.00457829,10.6413,0.297956,697
386.827,0.000496575,0.00258125,6.00196,0.168055,393
519.674,0.000666731,0.0034661,8.09506,0.226662,528
477.383,0.000612882,0.00318615,7.40599,0.207368,485
537.437,0.000690081,0.00358763,8.32519,0.233105,546
359.304,0.00046158,0.0023997,5.53794,0.155062,365
1111.25,0.00142586,0.00741297,17.26,0.483279,1129
4330.79,0.00555661,0.0288872,67.29,1.88412,4400
515.741,0.000661771,0.00344008,8.02995,0.224839,524
541.382,0.000695114,0.00361371,8.37954,0.234627,550
689.634,0.0008921,0.00463708,10.0782,0.282191,700
400.919,0.000518003,0.00269279,5.91184,0.165531,407
382.201,0.000493876,0.00256727,5.6382,0.15787,388
295.556,0.000382285,0.00198742,4.32105,0.12099,300
121.137,0.000156259,0.000812251,1.81124,0.0507148,123
2701.15,0.00349169,0.0181513,39.7152,1.11203,2742
713.152,0.000921266,0.00478925,10.5469,0.295313,724
219.705,0.000284295,0.00147795,3.20347,0.0896971,223
359.633,0.000465686,0.00242075,5.21832,0.146113,365
313.222,0.000404381,0.00210209,4.64572,0.13008,318
428.403,0.000552457,0.0028717,6.41375,0.179585,435
308.261,0.000397549,0.002067,4.60767,0.129015,313
222.622,0.000287674,0.0014952,3.28441,0.0919636,226
224.601,0.000290323,0.00150918,3.30426,0.0925192,228
1864.76,0.00241024,0.0125282,27.455,0.76874,1893
288.596,0.000372632,0.00193678,4.28212,0.119899,293
346.842,0.000449352,0.00233587,5.01474,0.140413,352
1,0,0,0,0,1
116.252,0.000150372,0.000781657,1.69918,0.047577,118
204.862,0.000264356,0.00137426,3.05094,0.0854262,208
190.108,0.000245567,0.00127649,2.81145,0.0787206,193
521.074,0.000673049,0.00349823,7.7056,0.215757,529
160.592,0.000207853,0.00108045,2.34151,0.0655622,163
281.832,0.000365347,0.00189924,4.052,0.113456,286
210.899,0.000273564,0.00142211,3.01454,0.0844073,214
384.19,0.000496619,0.00258153,5.64862,0.158161,390
232.445,0.000300029,0.00155992,3.45652,0.0967826,236
2128.83,0.00275234,0.0143068,31.2809,0.875866,2161
265.036,0.000343067,0.00178337,3.85421,0.107918,269
343.835,0.000444832,0.00231219,5.02119,0.140593,349
362.534,0.000468725,0.00243653,5.31415,0.148796,368
350.736,0.000453789,0.00235853,5.11747,0.143289,356
166.438,0.000214694,0.00111588,2.49089,0.0697448,169
929.912,0.0012016,0.00624621,13.6969,0.383512,944
999.392,0.0012975,0.00674442,14.2027,0.397676,1014
161.563,0.000208951,0.00108611,2.36936,0.0663421,164
194.082,0.000251085,0.00130525,2.83659,0.0794245,197
3635.2,0.00470084,0.0244361,53.2784,1.49179,3690
425.538,0.000549845,0.00285786,6.28303,0.175925,432
2785.66,0.00360974,0.0187633,40.1932,1.12541,2827
3710.98,0.00476598,0.024776,57.3883,1.60687,3770
334.94,0.000432949,0.00225058,4.91919,0.137737,340
697.245,0.000898981,0.00467309,10.4569,0.292794,708
4855.73,0.00627807,0.0326338,71.2402,1.99473,4929
1697.36,0.00219404,0.0114054,24.9296,0.698028,1723
462.146,0.000598898,0.00311311,6.66324,0.186571,469
586.329,0.000760094,0.0039508,8.43006,0.236042,595
667.177,0.000865261,0.00449804,9.55067,0.267419,677
382.211,0.000493999,0.00256812,5.62841,0.157596,388
851.11,0.00110015,0.00571822,12.5323,0.350904,864
3941.5,0.00505195,0.0262644,61.7444,1.72884,4005
559.993,0.000717835,0.00373197,8.75716,0.245201,569
161.579,0.000209062,0.00108689,2.35343,0.065896,164
165.48,0.000213705,0.00111101,2.45031,0.0686086,168
504.362,0.000651682,0.00338765,7.42647,0.207941,512
1580.83,0.00205151,0.0106642,22.5298,0.630835,1604
555.815,0.000720896,0.00374763,7.9577,0.222816,564
164.535,0.000212942,0.00110696,2.3962,0.0670937,167
1,0,0,0,0,1
207.917,0.000269413,0.00140063,2.99743,0.0839279,211
1452.97,0.00187776,0.00976062,21.4147,0.59961,1475
600.923,0.000776967,0.00403892,8.82495,0.247099,610
604.304,0.000775026,0.00402884,9.42755,0.263971,614
439.932,0.000564074,0.00293261,6.87245,0.192429,447
449.731,0.000576116,0.00299542,7.06747,0.197889,457
1020.41,0.00131718,0.00684711,15.1564,0.424379,1036
766.196,0.000987982,0.00513611,11.4766,0.321345,778
309.304,0.000399592,0.0020772,4.56545,0.127833,314
4923.41,0.00636345,0.0330775,72.52,2.03056,4998
304.465,0.000394392,0.00204982,4.40911,0.123455,309
214.767,0.000277862,0.00144417,3.14316,0.0880085,218
294.582,0.000381244,0.00198159,4.29514,0.120264,299
678.694,0.000876965,0.00455823,10.0201,0.280562,689
190.078,0.000245211,0.00127468,2.84141,0.0795596,193
236.391,0.000305228,0.00158669,3.50841,0.0982354,240
437.973,0.000561644,0.00292012,6.83212,0.191299,445
3281.81,0.00420274,0.0218505,51.7121,1.44794,3335
396.579,0.000507924,0.0026406,6.24259,0.174792,403
5144.07,0.00664857,0.0345603,75.7717,2.12161,5222
7111.48,0.00919422,0.0477889,104.534,2.92696,7219
362.495,0.000468308,0.00243439,5.35176,0.149849,368
325.998,0.000420606,0.00218638,4.86363,0.136182,331
626.449,0.000808991,0.00420519,9.28601,0.260008,636
436.372,0.000563691,0.00293057,6.4438,0.180426,443
2033.4,0.00263028,0.0136724,29.7523,0.833063,2064
477.915,0.000619381,0.00321933,6.88846,0.192877,485
741.085,0.000961087,0.00499621,10.6123,0.297145,752
253.285,0.000328733,0.00170881,3.61163,0.101126,257
2185.91,0.00280295,0.0145709,34.1221,0.955417,2221
1241.86,0.00159052,0.00826914,19.5811,0.54827,1262
449.257,0.000581266,0.00302163,6.55607,0.18357,456
483.735,0.000625834,0.00325333,7.06296,0.197763,491
467.884,0.000604446,0.00314167,6.91832,0.193713,475
1218.61,0.00157579,0.00819094,17.8804,0.50065,1237
341.851,0.00044215,0.0022983,5.0059,0.140165,347
1,0,0,0,0,1
182.116,0.000234034,0.00121657,2.80369,0.0785034,185
193.089,0.000249706,0.00129792,2.83061,0.0792572,196
588.32,0.000762999,0.00396586,8.4389,0.236289,597
399.557,0.000512093,0.00266237,6.26414,0.175396,406
608.144,0.000778956,0.00404955,9.58269,0.268315,618
527.558,0.000676873,0.00351866,8.20809,0.229827,536
522.131,0.000675257,0.00351027,7.65082,0.214223,530
530.063,0.000686105,0.00356625,7.71715,0.21608,538
231.491,0.000299189,0.00155518,3.4112,0.0955135,235
1676.48,0.00216526,0.0112554,24.8163,0.694856,1702
681.634,0.000880541,0.00457727,10.0781,0.282187,692
159.608,0.000206548,0.00107378,2.32539,0.0651109,162
1,0,0,0,0,1
112.341,0.00014567,0.000757144,1.6129,0.0451613,114
170.439,0.000220581,0.00114643,2.48951,0.0697064,173
452.455,0.000588226,0.00305733,6.36339,0.178175,459
612.125,0.000795475,0.00413477,8.62868,0.241603,621
2490.65,0.00323425,0.0168112,35.3418,0.98957,2527
421.884,0.000548336,0.00285024,5.94588,0.166485,428
207.059,0.000269809,0.0014024,2.85975,0.0800731,210
663.561,0.000864325,0.00449262,9.17693,0.256954,673
569.878,0.000742227,0.00385797,7.89606,0.22109,578
239.406,0.000309678,0.00160977,3.49461,0.0978491,243
356.625,0.000461115,0.00239691,5.22537,0.14631,362
1605.66,0.00207448,0.0107832,23.6657,0.662641,1630
370.371,0.000478507,0.00248742,5.47235,0.153226,376
255.135,0.000329759,0.00171389,3.75797,0.105223,259
163.472,0.000210746,0.00109547,2.45794,0.0688223,166
958.061,0.00124465,0.00646939,13.5523,0.379464,972
360.716,0.000468127,0.00243349,5.1377,0.143855,366
486.844,0.00063157,0.00328307,6.95739,0.194807,494
680.271,0.000885728,0.00460393,9.45835,0.264834,690
328.992,0.000424861,0.00220841,4.86908,0.136334,334
725.163,0.000938647,0.00487949,10.5364,0.295019,736
152.707,0.000197564,0.001027,2.22969,0.0624314,155
188.102,0.000242564,0.00126106,2.81786,0.0789001,191
329.082,0.000425976,0.00221439,4.78106,0.13387,334
228.546,0.000295428,0.00153583,3.35855,0.0940393,232
818.867,0.00106128,0.0055164,11.7964,0.330299,831
2927.38,0.00379096,0.019706,42.412,1.18754,2971
993.811,0.00129412,0.00672671,13.7944,0.386243,1008
106.477,0.000138636,0.00072053,1.4804,0.0414513,108
630.521,0.000815513,0.00423931,9.21585,0.258044,640
316.313,0.00040996,0.00213074,4.55721,0.127602,321
511.312,0.000661401,0.00343795,7.47506,0.209302,519
411.855,0.000533256,0.00277192,5.97394,0.16727,418
308.388,0.000399216,0.0020752,4.4836,0.125541,313
330.045,0.000427083,0.00221973,4.81777,0.134897,335
1045.7,0.00135734,0.00705517,14.8776,0.416572,1061
350.033,0.00045615,0.00237091,4.82919,0.135217,355
860.704,0.00112069,0.00582493,11.9539,0.334708,873
495.649,0.000642213,0.0033385,7.14689,0.200113,503
290.569,0.00037519,0.00195027,4.30833,0.120633,295
883.741,0.00114345,0.00594369,12.891,0.360949,897
528.082,0.00068328,0.00355175,7.69814,0.215548,536
191.064,0.000246447,0.00128117,2.85417,0.0799169,194
678.896,0.000879312,0.00457099,9.82388,0.275069,689
464.003,0.000599973,0.00311854,6.80309,0.190486,471
443.451,0.000574979,0.00298883,6.36735,0.178286,450
440.357,0.000569344,0.00295954,6.45845,0.180836,447
1253.85,0.00161848,0.00841412,18.6147,0.521212,1273
448.256,0.000579754,0.00301381,6.55674,0.183589,455
464.877,0.000599787,0.00311809,6.92521,0.193906,472
171.384,0.000221274,0.00115016,2.54332,0.0712129,174
260.051,0.000336016,0.00174653,3.8392,0.107498,264
152.662,0.000197018,0.00102413,2.27331,0.0636527,155
438.331,0.000566108,0.00294261,6.48418,0.181557,445
327.099,0.00042318,0.0022002,4.76448,0.133405,332
2686.12,0.00348006,0.0180906,38.7707,1.08558,2726
977.59,0.00126782,0.00658972,14.0094,0.392264,992
159.561,0.00020594,0.00107054,2.37173,0.0664084,162
132.952,0.000171442,0.000891254,1.99157,0.0557641,135
752.537,0.000971765,0.00505151,11.1449,0.312058,764
580.643,0.000755313,0.00392607,8.12474,0.227493,589
579.686,0.000754314,0.00392081,8.08299,0.226324,588
737.269,0.000957677,0.00497735,10.4329,0.292122,748
330.145,0.000428284,0.00222614,4.71981,0.132155,335
614.264,0.00080012,0.00415948,8.49287,0.2378,623
178.458,0.000232423,0.0012082,2.47157,0.069204,181
320.449,0.00041751,0.00217031,4.42454,0.123887,325
303.419,0.000392196,0.00203888,4.45398,0.124711,308
403.89,0.000521948,0.00271309,5.94054,0.166335,410
505.428,0.000654057,0.00339965,7.3623,0.206144,513
266.982,0.000345231,0.00179447,3.90689,0.109393,271
348.977,0.000453928,0.00235935,4.88367,0.136743,354
1023.21,0.00133039,0.00691499,14.3818,0.402691,1038
1807.05,0.00235112,0.012221,25.2319,0.706493,1833
7204.76,0.00937746,0.0487406,100.371,2.81038,7308
440.642,0.000573064,0.00297839,6.18099,0.173068,447
350.916,0.000456069,0.0023707,4.9425,0.13839,356
120.287,0.000156686,0.000814388,1.66574,0.0466407,122
244.489,0.00031812,0.00165345,3.41374,0.0955846,248
106.485,0.000138725,0.000721014,1.47332,0.0412531,108
725.048,0.000937209,0.00487164,10.6479,0.298141,736
329.058,0.000425732,0.00221274,4.80439,0.134523,334
139.832,0.000180176,0.000936615,2.10817,0.0590287,142
307.575,0.00040016,0.00207979,4.30179,0.12045,312
543.199,0.000706703,0.00367364,7.58391,0.212349,551
165.611,0.000215402,0.00111954,2.32226,0.0650232,168
609.085,0.000790555,0.0041091,8.6678,0.242698,618
348.948,0.000453555,0.00235769,4.91163,0.137526,354
986.869,0.00128462,0.00667674,13.7385,0.384678,1001
629.992,0.000820159,0.00426289,8.75741,0.245208,639
218.638,0.000281975,0.00146605,3.26843,0.091516,222
169.402,0.000218586,0.00113622,2.52636,0.0707382,172
230.453,0.000297222,0.00154511,3.44856,0.0965596,234
783.766,0.00102012,0.00530213,10.9219,0.305814,795
169.563,0.000220609,0.00114671,2.36967,0.0663508,172
305.567,0.000397148,0.00206401,4.31023,0.120687,310
628.823,0.000816575,0.0042443,8.92235,0.249826,638
1490.75,0.00194152,0.0100911,20.6615,0.578521,1512
523.55,0.000682104,0.00354506,7.24269,0.202795,531
755.227,0.000983819,0.00511341,10.474,0.293272,766
944.58,0.00123083,0.00639729,13.0467,0.365307,958
1147.59,0.00149411,0.00776628,15.9525,0.446671,1164
798.603,0.00103996,0.00540571,11.0804,0.310252,810
177.482,0.00023128,0.00120212,2.44796,0.0685428,180
1,0,0,0,0,1
161.509,0.000208267,0.00108259,2.42231,0.0678247,164
1575.08,0.00203485,0.010577,23.2606,0.651298,1599
1478.55,0.00191029,0.00992951,21.8248,0.611094,1501
237.418,0.000306962,0.00159556,3.48302,0.0975244,241
478.146,0.000622375,0.00323475,6.66329,0.186572,485
971.006,0.00126279,0.00656412,13.6055,0.380954,985
593.414,0.000771446,0.00400968,8.34708,0.233718,602
1425.49,0.00185419,0.00963827,19.945,0.558461,1446
391.292,0.000508182,0.00264133,5.54981,0.155395,397
431.597,0.000559208,0.00290693,6.2248,0.174294,438
447.618,0.000582914,0.00303011,6.20494,0.173738,454
977.099,0.00127292,0.00661638,13.5148,0.378415,991
139.993,0.000182186,0.000946964,1.95133,0.0546373,142
269.839,0.000347948,0.00180852,4.04567,0.113279,274
118.186,0.000152447,0.000792488,1.76396,0.0493909,120
373.307,0.000482039,0.00250562,5.5353,0.154988,379
479.088,0.000623001,0.00323829,6.72018,0.188165,486
347.033,0.000451694,0.00234785,4.82928,0.13522,352
503.611,0.000653535,0.00339684,7.18382,0.201147,511
343.976,0.000446594,0.00232152,4.88451,0.136766,349
1499.62,0.00195341,0.0101524,20.7905,0.582134,1521
4903.78,0.00633699,0.0329408,72.16,2.02048,4978
184.168,0.000237551,0.00123496,2.75358,0.0771002,187
814.512,0.00105097,0.00546302,12.1419,0.339974,827
85.7003,0.000110749,0.000575623,1.26362,0.0353814,87
811.268,0.00105463,0.00548186,11.4059,0.319366,823
3012.95,0.00391164,0.0203313,42.8223,1.19902,3057
360.619,0.000467029,0.00242743,5.23164,0.146486,366
991.386,0.0012856,0.0066828,14.2086,0.397841,1006
709.338,0.00091743,0.00476865,10.3662,0.290255,720
498.464,0.00064427,0.00334903,7.32694,0.205154,506
256.13,0.000331055,0.00172097,3.76228,0.105344,260
526.896,0.000679602,0.00353277,7.8789,0.220609,535
320.111,0.000413316,0.00214824,4.75352,0.133099,325
145.788,0.00018844,0.000979336,2.15067,0.0602188,148
431.735,0.000560976,0.00291586,6.09094,0.170546,438
733.302,0.000952201,0.0049497,10.4008,0.291223,744
897.885,0.00116574,0.00605957,12.7504,0.357012,911
683.073,0.000887439,0.00461322,9.65117,0.270233,693
796.911,0.00102935,0.005351,11.7535,0.329098,809
517.252,0.00066924,0.00347887,7.53336,0.210934,525
406.868,0.000526122,0.00273469,5.96168,0.166927,413
269.86,0.000348185,0.00180987,4.02535,0.11271,274
118.187,0.00015254,0.000792766,1.76273,0.0493565,120
305.367,0.00039453,0.00205091,4.50417,0.126117,310
175.295,0.000225977,0.00117476,2.62998,0.0736395,178
361.754,0.000470115,0.00244362,5.10025,0.142807,367
4246.74,0.00552243,0.0287029,59.5598,1.66767,4308
644.475,0.000835466,0.00434291,9.26074,0.259301,654
1403.63,0.00182399,0.00948057,19.8042,0.554518,1424
227.57,0.000294226,0.00152935,3.33433,0.0933613,231
263.989,0.00034093,0.00177227,3.89992,0.109198,268
1153.52,0.00149044,0.00774758,16.9909,0.475745,1171
1,0,0,0,0,1
222.622,0.000287629,0.00149519,3.28391,0.0919493,226
271.803,0.00035041,0.0018216,4.08021,0.114246,276
1,0,0,0,0,1
158.71,0.000206417,0.00107279,2.22686,0.062352,161
409.006,0.000530937,0.00275943,5.82718,0.163161,415
571.747,0.000743483,0.00386453,8.02374,0.224665,580
556.897,0.000723477,0.00376049,7.87757,0.220572,565
1149.14,0.0014911,0.0077512,16.3934,0.459014,1166
1568.24,0.00203786,0.0105926,22.1279,0.619582,1591
833.141,0.00108523,0.00564074,11.5295,0.322827,845
298.73,0.000388952,0.00202169,4.151,0.116228,303
328.309,0.000427453,0.00222173,4.56112,0.127711,333
983.272,0.00127235,0.00661398,14.319,0.400932,998
204.918,0.000265112,0.0013779,2.99597,0.0838872,208
330.987,0.000427698,0.00222339,4.87424,0.136479,336
406.764,0.000524895,0.00272848,6.06284,0.16976,413
331.925,0.000428436,0.00222725,4.93441,0.138163,337
453.401,0.000588872,0.00306096,6.41603,0.179649,460
453.464,0.00058966,0.00306538,6.35412,0.177915,460
3619.43,0.00462772,0.0240593,57.9164,1.62166,3679
711.245,0.00090878,0.00472517,11.4296,0.320029,723
1198.24,0.00153208,0.00796504,19.2115,0.537921,1218
487.011,0.000622987,0.00323898,7.76786,0.2175,495
613.016,0.000784799,0.00407991,9.7078,0.271818,623
1156,0.0014784,0.00768597,18.475,0.5173,1175
497.797,0.000636539,0.00330924,7.97618,0.223333,506
415.206,0.000531195,0.00276165,6.60563,0.184958,422
554.911,0.000709915,0.00369088,8.8373,0.247444,564
4452.25,0.00570983,0.0296844,69.7579,1.95322,4524
789.087,0.00100979,0.0052502,12.5555,0.351554,802
344.302,0.000439913,0.00228713,5.53979,0.155114,350
336.553,0.000431239,0.0022417,5.29561,0.148277,342
369.987,0.000473795,0.00246307,5.84633,0.163697,376
1538.21,0.00197204,0.0102523,24.1063,0.674976,1563
936.547,0.00119736,0.0062249,15.0244,0.420683,952
565.747,0.000724031,0.00376407,8.9965,0.251902,575
596.305,0.000763705,0.0039706,9.42629,0.263936,606
2051.45,0.00262432,0.0136439,32.6212,0.913394,2085
868.686,0.00111049,0.00577338,13.9172,0.389682,883
889.665,0.00114067,0.00593012,13.9375,0.390249,904
2371.2,0.00303454,0.0157757,37.7257,1.05632,2410
509.729,0.000652809,0.00339382,8.04222,0.225182,518
665.32,0.000853461,0.00443668,10.3839,0.29075,676
499.852,0.000639949,0.00332692,7.92227,0.221823,508
6099.39,0.0078074,0.0405886,96.8484,2.71175,6199
897.282,0.00114785,0.00596792,14.3105,0.400694,912
903.198,0.00115516,0.00600586,14.3922,0.402981,918
689.707,0.000882358,0.00458685,10.9802,0.307446,701
670.146,0.000858646,0.00446382,10.5536,0.2955,681
186.972,0.00023958,0.00124545,2.94391,0.0824294,190
111.206,0.000142568,0.000741206,1.7446,0.0488489,113
1128.6,0.00144496,0.00751242,17.8892,0.500899,1147
3850.13,0.00492673,0.0256133,61.1253,1.71151,3913
287.332,0.000367892,0.00191281,4.53831,0.127073,292
743.792,0.000951217,0.00494542,11.8702,0.332366,756
339.511,0.000435081,0.00226184,5.33645,0.149421,345
202.725,0.000259829,0.00135085,3.1839,0.0891493,206
389.666,0.000498996,0.00259434,6.15816,0.172428,396
673.946,0.000861834,0.0044809,10.7477,0.300935,685
500.825,0.000640781,0.00333152,7.9486,0.222561,509
454.607,0.000582055,0.00302561,7.18797,0.201263,462
816.828,0.00104714,0.00544408,12.807,0.358596,830
390.679,0.000500573,0.00260257,6.1462,0.172094,397
681.878,0.000872631,0.0045369,10.814,0.302791,693
672.064,0.000860324,0.00447252,10.633,0.297723,683
1143.22,0.00146236,0.00760248,18.26,0.51128,1162
1495.55,0.001914,0.00995135,23.7693,0.665539,1520
1032.97,0.00132027,0.00686404,16.5548,0.463536,1050
605.045,0.000773532,0.00402147,9.67946,0.271025,615
634.563,0.000811233,0.00421799,10.1475,0.284131,645
299.112,0.000382834,0.0019902,4.75216,0.13306,304
488.042,0.000624679,0.00324817,7.73748,0.216649,496
629.729,0.000805862,0.00418936,9.98604,0.279609,640
440.828,0.000564336,0.00293404,6.97327,0.195252,448
570.593,0.00072946,0.00379246,9.14627,0.256096,580
971.007,0.00124152,0.00645462,15.5497,0.435392,987
444.78,0.00056976,0.00296207,7.01999,0.19656,452
1508.35,0.00193023,0.0100352,23.9673,0.671085,1533
281.402,0.00036012,0.00187225,4.47074,0.125181,286
262.709,0.000336127,0.00174776,4.17231,0.116825,267
743.772,0.000951109,0.00494504,11.8895,0.332905,756
279.414,0.000357408,0.00185817,4.4591,0.124855,284
774.258,0.000989787,0.00514626,12.3887,0.346884,787
648.314,0.000828767,0.00430857,10.3902,0.290924,659
331.588,0.000424426,0.00220629,5.26244,0.147348,337
659.3,0.000844459,0.00439024,10.4035,0.291298,670
981.034,0.00125622,0.00653083,15.5239,0.434668,997
317.971,0.000408608,0.00212432,4.88983,0.136915,323
332.741,0.000427701,0.00222332,5.11275,0.143157,338
599.555,0.000770965,0.00400773,9.18335,0.257134,609
3340.93,0.00427186,0.02221,53.5444,1.49924,3396
317.945,0.000408449,0.00212336,4.91507,0.137622,323
272.612,0.000349708,0.00181804,4.26623,0.119454,277
871.521,0.00111327,0.00578805,14.0775,0.39417,886
693.473,0.000885714,0.00460476,11.2078,0.313819,705
999.298,0.00127561,0.00663196,16.2398,0.454714,1016
969.33,0.00124254,0.00645967,15.2358,0.426603,985
632.692,0.000810284,0.00421286,10.022,0.280617,643
1691.81,0.00218054,0.0113351,25.4663,0.713057,1718
2163.89,0.00277252,0.0144142,34.1331,0.955726,2199
818.608,0.00104777,0.00544716,13.0212,0.364595,832
565.778,0.000724621,0.00376689,8.9664,0.251059,575
223.378,0.000286275,0.00148824,3.52156,0.0986036,227
388.664,0.000497717,0.00258768,6.16035,0.17249,395
237.145,0.000303794,0.00157937,3.74839,0.104955,241
1334.09,0.00170647,0.0088722,21.307,0.596597,1356
919.722,0.0011748,0.00610824,14.8553,0.415947,935
880.674,0.00112805,0.00586458,13.9286,0.390001,895
294.189,0.00037658,0.00195779,4.67817,0.130989,299
1587.12,0.00203239,0.0105661,25.1669,0.704673,1613
853.115,0.00109281,0.00568107,13.5007,0.378019,867
511.631,0.00065481,0.00340467,8.13728,0.227844,520
255.816,0.000327481,0.00170237,4.06795,0.113903,260
486.058,0.000622285,0.0032352,7.72158,0.216204,494
642.566,0.000823206,0.00427991,10.1449,0.284058,653
1669.48,0.00213444,0.0110975,26.7574,0.749208,1697
718.096,0.000917457,0.00477001,11.5738,0.324065,730
813.497,0.00103916,0.0054029,13.1288,0.367608,827
100.35,0.000128361,0.000667367,1.60432,0.0449209,102
1467.17,0.00187971,0.00977244,23.1725,0.648829,1491
503.842,0.000645803,0.00335731,7.93214,0.2221,512
1351.89,0.00173026,0.00899533,21.4942,0.601839,1374
2138.11,0.00273705,0.01423,33.9278,0.949978,2173
1164.71,0.00148821,0.00773749,18.7571,0.525198,1184
850.943,0.00108762,0.00565473,13.6679,0.382701,865
277.454,0.000355047,0.00184592,4.42043,0.123772,282
298.152,0.000381953,0.00198581,4.71373,0.131984,303
391.741,0.000502996,0.00261472,6.08521,0.170386,398
1206.37,0.00154504,0.00803236,19.0832,0.53433,1226
2381.42,0.00305189,0.0158657,37.5094,1.05026,2420
1054.06,0.00135228,0.00703052,16.4719,0.461214,1071
449.651,0.000575544,0.00299216,7.1449,0.200057,457
453.547,0.000580136,0.00301628,7.24676,0.202909,461
366.127,0.000469818,0.00244239,5.71044,0.159892,372
1110,0.0014222,0.00739417,17.5009,0.490026,1128
2370.3,0.00303473,0.0157768,37.6299,1.05364,2409
838.238,0.00107239,0.00557575,13.3809,0.374665,852
910.417,0.00116851,0.006075,14.1785,0.396998,925
1014.48,0.00129907,0.00675399,16.0644,0.449804,1031
1545.07,0.00198114,0.0102988,24.2387,0.678683,1570
407.424,0.000522398,0.00271609,6.39365,0.179022,414
1780.35,0.00228359,0.0118718,27.8527,0.779875,1809
124.985,0.000160232,0.000833357,1.95894,0.0548504,127
1442.48,0.0018471,0.00960252,22.8654,0.640232,1466
1321.34,0.00169064,0.00878945,21.06,0.589681,1343
1135.02,0.00145856,0.0075822,17.4836,0.48954,1153
592.58,0.000761093,0.00395703,9.15868,0.256443,602
676.424,0.00087085,0.00452668,10.283,0.287923,687
1604,0.00206563,0.0107383,24.309,0.680652,1629
910.355,0.00116788,0.00607155,14.2392,0.398697,925
682.129,0.000876175,0.00455476,10.5696,0.295949,693
1582.86,0.00203382,0.0105729,24.4465,0.684503,1608
2707.24,0.00348108,0.0180962,41.5756,1.16412,2750
1267.93,0.00162989,0.0084732,19.5119,0.546333,1288
2162.02,0.00278168,0.0144604,33.0418,0.925169,2196
461.812,0.000594915,0.00309262,6.9884,0.195675,469
1156.96,0.00148995,0.00774535,17.5381,0.491067,1175
152.582,0.000196087,0.00101933,2.35068,0.065819,155
2055.04,0.00262615,0.0136547,33.0226,0.924632,2089
1764.01,0.00225607,0.0117301,28.1829,0.789121,1793
1100.5,0.00141328,0.00734702,17.0131,0.476366,1118
456.604,0.000584905,0.00304091,7.19083,0.201343,464
1742.86,0.00224488,0.0116694,26.3867,0.738827,1770
981.751,0.00126487,0.00657537,14.8256,0.415118,997
368.251,0.000474154,0.00246476,5.58946,0.156505,374
118.171,0.000152356,0.000791862,1.77862,0.0498013,120
344.69,0.000444597,0.00231111,5.16285,0.14456,350
625.296,0.000805792,0.00418874,9.43506,0.264182,635
657.098,0.000839616,0.00436504,10.5999,0.296799,668
851.929,0.00108903,0.00566228,13.6809,0.383064,866
464.55,0.000595911,0.00309802,7.24302,0.202804,472
486.207,0.000623675,0.00324261,7.57719,0.212161,494
430.248,0.000553682,0.00287795,6.5646,0.183809,437
250.073,0.000321805,0.0016727,3.81768,0.106895,254
86.6212,0.000111244,0.000578417,1.34055,0.0375354,88
2327.24,0.00297146,0.0154499,37.6872,1.05524,2366
979.943,0.00125408,0.00651948,15.6124,0.437146,996
919.741,0.00117492,0.0061089,14.8361,0.415411,935
345.514,0.00044381,0.00230722,5.33435,0.149362,351
1716.66,0.00220407,0.011459,26.5807,0.74426,1744
658.641,0.00084727,0.00440448,10.0717,0.282007,669
1856.87,0.0023896,0.0124219,28.3265,0.793141,1886
275.617,0.000354083,0.0018406,4.26155,0.119323,280
1267.05,0.00161958,0.00842055,20.3739,0.57047,1288
664.018,0.000848607,0.00441212,10.6774,0.298966,675
291.157,0.000371844,0.00193338,4.70888,0.131849,296
414.348,0.000531465,0.00276311,6.46717,0.181081,421
439.965,0.000564699,0.0029355,6.83959,0.191508,447
162.438,0.000208935,0.00108603,2.4909,0.0697453,165
392.863,0.000505798,0.00262946,5.9672,0.167082,399
726.89,0.000938486,0.00487822,10.8018,0.302451,738
655.853,0.000845395,0.00439473,9.8657,0.27624,666
155.526,0.000199789,0.00103868,2.405,0.06734,158
1420.73,0.00182847,0.0095051,21.6481,0.606146,1443
154.545,0.000198522,0.00103223,2.38669,0.0668272,157
88.6255,0.000114199,0.000593787,1.3364,0.0374192,90
666.786,0.000860606,0.00447356,9.93095,0.278067,677
984.698,0.00125823,0.00654196,15.8504,0.44381,1001
2294.84,0.00294104,0.0152907,36.1298,1.01164,2332
162.426,0.000208697,0.00108486,2.50302,0.0700846,165
753.938,0.000967567,0.00502996,11.7274,0.328368,766
834.727,0.00107234,0.00557474,12.9047,0.361332,848
339.792,0.00043857,0.00227975,5.06303,0.141765,345
2258.17,0.00291193,0.0151376,33.8605,0.948095,2293
548.574,0.000707813,0.00367963,8.19265,0.229394,557
3421.3,0.00438203,0.0227815,54.1534,1.5163,3477
373.038,0.000478884,0.00248968,5.79719,0.162321,379
1572.53,0.00201533,0.0104773,24.7652,0.693425,1598
454.674,0.000582837,0.00303003,7.12292,0.199442,462
272.61,0.000349537,0.00181702,4.26811,0.119507,277
305.252,0.000393218,0.00204422,4.61674,0.129269,310
3964.8,0.00510206,0.026522,60.4791,1.69342,4027
885.295,0.00114122,0.00593242,13.3251,0.373104,899
626.165,0.000805726,0.00418853,9.56188,0.267733,636
282.596,0.000363963,0.00189189,4.28186,0.119892,287
749.283,0.00096457,0.00501432,11.3916,0.318966,761
370.362,0.000478365,0.00248689,5.4815,0.153482,376
1630.55,0.00208942,0.0108625,25.7129,0.71996,1657
183.049,0.000234723,0.00122045,2.86885,0.0803278,186
745.075,0.000955966,0.00497007,11.5941,0.324634,757
83.6832,0.000107649,0.000559444,1.28032,0.0358489,85
509.006,0.000654896,0.00340462,7.77212,0.217619,517
73.813,9.47004e-05,0.000492145,1.15414,0.032316,75
210.714,0.000271404,0.00141073,3.19492,0.0894579,214
1417.83,0.00182535,0.00948879,21.56,0.603679,1440
118.162,0.000152226,0.000791351,1.78703,0.050037,120
1171.95,0.00150126,0.00780452,18.522,0.518615,1191
512.72,0.000657373,0.00341773,8.05063,0.225418,521
1009.53,0.00129263,0.00672025,16.0118,0.448332,1026
151.622,0.00019512,0.00101427,2.31227,0.0647435,154
1,0,0,0,0,1
139.797,0.000179771,0.000934509,2.1416,0.0599648,142
222.483,0.000285998,0.00148685,3.41976,0.0957532,226
743.42,0.000957483,0.00497749,11.259,0.315253,755
779.672,0.0010023,0.00521058,11.986,0.335608,792
284.5,0.000365722,0.00190112,4.37515,0.122504,289
121.067,0.000155424,0.000807972,1.87924,0.0526187,123
599.502,0.000770464,0.00400519,9.2346,0.258569,609
711.494,0.000912134,0.00474195,11.1867,0.313229,723
708.252,0.000904943,0.0047053,11.4229,0.31984,720
1358.5,0.00173614,0.00902627,21.8735,0.612459,1381
1290.69,0.00164968,0.00857755,20.7234,0.580256,1312
3773.72,0.00482422,0.0250811,60.5581,1.69563,3836
701.446,0.000896986,0.00466392,11.2338,0.314547,713
676.837,0.00086557,0.00449985,10.8535,0.303898,688
11216,0.0143705,0.0747109,176.915,4.95363,11398
1692.49,0.0021679,0.0112709,26.751,0.749028,1720
314.071,0.000404118,0.00210074,4.79229,0.134184,319
134.881,0.000173554,0.000902087,2.0602,0.0576857,137
1,0,0,0,0,1
383.873,0.000492866,0.00256246,5.95748,0.166809,390
1608.87,0.00207165,0.0107684,24.4371,0.684238,1634
728.238,0.000933751,0.00485432,11.4355,0.320195,740
1921.25,0.0024663,0.0128205,29.9017,0.837246,1952
1288.79,0.00164815,0.00856866,20.6234,0.577454,1310
2300.88,0.00294022,0.0152871,37.0598,1.03767,2339
1194.48,0.00152902,0.00794938,18.9766,0.531345,1214
92.5117,0.000118672,0.000616862,1.44702,0.0405166,94
325.87,0.000419128,0.00217875,4.98812,0.139667,331
576.871,0.000741333,0.00385379,8.87634,0.248538,586
